bathy.asc
ncols        183
nrows        111
xllcorner    3.034424973466
yllcorner    42.435974954305
cellsize     0.004729918180
NODATA_value  -9999
[rows 57 to 75 of 111, columns 84 to 125 of 183]
-307.39291381835937 -306.67935180664062 -305.94009399414062 -305.94009399414062 -305.24264526367187 -304.6724853515625 -304.33197021484375 -304.32522583007812 -304.71551513671875 -304.71551513671875 -305.46722412109375 -306.41970825195312 -307.3240966796875 -307.89312744140625 -307.72650146484375 -307.72650146484375 -305.82254028320312 -298.35198974609375 -264.1923828125 -156.89300537109375 -270.40753173828125 -270.40753173828125 -305.26385498046875 -312.82772827148437 -299.79788208007812 -291.28286743164062 -306.85498046875 -306.85498046875 -322.42752075195312 -325.28009033203125 -326.32473754882812 -326.83950805664062 -327.03512573242187 -327.03512573242187 -326.84182739257812 -326.1328125 -324.80572509765625 -322.78546142578125 -319.99777221679687 -319.99777221679687 -316.3306884765625 -311.55157470703125
-302.98513793945312 -301.84555053710938 -300.65127563476562 -300.65127563476562 -299.48895263671875 -298.45693969726562 -297.69122314453125 -297.39007568359375 -297.75872802734375 -297.75872802734375 -298.82720947265625 -300.30209350585937 -301.69442749023437 -302.61190795898438 -302.88134765625 -302.88134765625 -302.3199462890625 -300.0889892578125 -294.59027099609375 -291.00927734375 -300.33343505859375 -300.33343505859375 -310.48239135742187 -315.23947143554687 -312.5513916015625 -310.74545288085937 -318.07296752929687 -318.07296752929687 -325.802734375 -328.51519775390625 -329.6497802734375 -330.05380249023437 -329.92257690429688 -329.92257690429688 -329.25921630859375 -327.9959716796875 -326.03485107421875 -323.2513427734375 -319.47860717773437 -319.47860717773437 -314.4825439453125 -307.90298461914062
-300.355712890625 -298.87103271484375 -297.29754638671875 -297.29754638671875 -295.733642578125 -294.27288818359375 -293.06015014648437 -292.38601684570312 -292.65573120117187 -292.65573120117187 -294.03793334960937 -296.07827758789062 -297.94467163085937 -299.06167602539062 -299.40695190429687 -299.40695190429687 -299.3505859375 -299.13699340820312 -298.821533203125 -300.34527587890625 -305.98297119140625 -305.98297119140625 -312.4976806640625 -316.89974975585937 -318.68576049804687 -320.28775024414062 -323.93499755859375 -323.93499755859375 -327.65487670898437 -329.76718139648437 -330.79522705078125 -331.1131591796875 -330.83734130859375 -330.83734130859375 -329.960693359375 -328.411865234375 -326.0728759765625 -322.767822265625 -318.22750854492187 -318.22750854492187 -312.03741455078125 -303.5897216796875
-297.39279174804687 -295.43875122070313 -293.34945678710937 -293.34945678710937 -291.24050903320312 -289.17449951171875 -287.2596435546875 -285.89602661132812 -285.8863525390625 -285.8863525390625 -287.78213500976563 -290.8287353515625 -293.46859741210937 -294.75234985351562 -294.82803344726562 -294.82803344726562 -294.78143310546875 -295.87542724609375 -298.43325805664062 -302.43161010742187 -307.841552734375 -307.841552734375 -313.42117309570312 -317.886474609375 -321.01254272460937 -323.63180541992187 -326.46185302734375 -326.46185302734375 -329.02938842773437 -330.7578125 -331.66799926757812 -331.88699340820312 -331.46142578125 -331.46142578125 -330.363037109375 -328.50384521484375 -325.73101806640625 -321.79095458984375 -316.24362182617187 -316.24362182617187 -308.29400634765625 -296.552490234375
-290.22836303710937 -286.72750854492188 -282.97686767578125 -282.97686767578125 -279.22064208984375 -275.28179931640625 -270.6573486328125 -265.51351928710937 -262.664306640625 -262.664306640625 -267.04898071289062 -275.91397094726562 -282.24349975585937 -283.56838989257812 -280.46823120117187 -280.46823120117187 -276.4654541015625 -279.02557373046875 -288.0863037109375 -297.65655517578125 -305.81088256835937 -305.81088256835937 -312.50872802734375 -317.89419555664062 -322.16537475585937 -325.58920288085937 -328.36322021484375 -328.36322021484375 -330.50924682617188 -331.96719360351562 -332.70504760742187 -332.711181640625 -331.95413208007812 -331.95413208007812 -330.35726928710937 -327.77548217773437 -323.948486328125 -318.38449096679688 -310.03857421875 -310.03857421875 -296.2783203125 -268.22189331054687
-285.84381103515625 -281.02175903320312 -275.89328002929687 -275.89328002929687 -270.94796752929687 -265.7730712890625 -258.8052978515625 -248.95112609863281 -239.89260864257812 -239.89260864257812 -247.66055297851562 -265.30935668945312 -275.78204345703125 -276.84820556640625 -269.30917358398437 -269.30917358398437 -256.49710083007812 -260.15963745117187 -278.02047729492187 -292.59170532226562 -303.14834594726562 -303.14834594726562 -311.06005859375 -317.15771484375 -321.921875 -325.67196655273437 -328.6036376953125 -328.6036376953125 -330.7901611328125 -332.23263549804687 -332.91424560546875 -332.809326171875 -331.86611938476562 -331.86611938476562 -329.98440551757812 -326.98312377929687 -322.53369140625 -315.99371337890625 -305.903076171875 -305.903076171875 -288.10546875 -245.59317016601562
-280.73654174804687 -273.869873046875 -266.63333129882812 -266.63333129882812 -260.11865234375 -253.77082824707031 -243.61244201660156 -225.61662292480469 -196.04032897949219 -196.04032897949219 -213.18408203125 -252.36276245117187 -269.42904663085937 -269.92562866210937 -255.05021667480469 -255.05021667480469 -212.3038330078125 -223.78861999511719 -264.68597412109375 -286.43081665039063 -299.86602783203125 -299.86602783203125 -309.1837158203125 -316.07711791992187 -321.35244750976562 -325.43887329101562 -328.56842041015625 -328.56842041015625 -330.84774780273437 -332.30850219726562 -332.94454956054687 -332.72344970703125 -331.57791137695312 -331.57791137695312 -329.38412475585937 -325.92083740234375 -320.78262329101563 -313.16363525390625 -301.15505981445312 -301.15505981445312 -278.6531982421875 -213.65104675292969
-267.49468994140625 -250.98788452148437 -233.55630493164062 -233.55630493164062 -219.62179565429687 -216.10455322265625 -198.19808959960937 -120.63408660888672 -166.96844482421875 -166.96844482421875 -109.87000274658203 -231.82229614257812 -261.34490966796875 -258.9940185546875 -228.91787719726562 -228.91787719726562 -127.65950775146484 -151.99728393554687 -238.69026184082031 -273.57928466796875 -292.61306762695312 -292.61306762695312 -304.71484375 -313.21173095703125 -319.52508544921875 -324.31558227539062 -327.9034423828125 -327.9034423828125 -330.44024658203125 -331.98516845703125 -332.54010009765625 -332.06149291992187 -330.45419311523438 -330.45419311523438 -327.54437255859375 -323.01504516601562 -316.26046752929687 -306.03958129882812 -289.4893798828125 -289.4893798828125 -256.22244262695312 -171.0255126953125
-259.06503295898438 -229.59719848632812 -196.74365234375 -196.74365234375 -170.68199157714844 -184.47929382324219 -155.13702392578125 -154.57757568359375 -159.23878479003906 -159.23878479003906 -172.7344970703125 -238.62022399902344 -261.34567260742187 -256.58853149414062 -222.87657165527344 -222.87657165527344 -111.94020843505859 -148.21975708007812 -228.85580444335937 -267.96453857421875 -289.08749389648437 -289.08749389648437 -302.31829833984375 -311.52996826171875 -318.34579467773437 -323.49969482421875 -327.33859252929687 -327.33859252929687 -330.02536010742187 -331.62432861328125 -332.13671875 -331.51187133789062 -329.63998413085937 -329.63998413085937 -326.3201904296875 -321.17886352539062 -313.46939086914063 -301.54827880859375 -281.38558959960937 -281.38558959960937 -241.38981628417969 -198.74400329589844
-250.59938049316406 -187.2930908203125 -106.74767303466797 -106.74767303466797 -164.2845458984375 -166.80679321289062 -140.12620544433594 -147.03239440917969 -137.07371520996094 -137.07371520996094 -218.56765747070312 -250.88563537597656 -263.52203369140625 -256.54818725585938 -223.37307739257812 -223.37307739257812 -100.10411834716797 -115.79860687255859 -219.63687133789062 -263.20263671875 -285.7574462890625 -285.7574462890625 -299.85641479492187 -309.70025634765625 -317.00741577148437 -322.53756713867187 -326.64413452148437 -326.64413452148437 -329.49349975585937 -331.15176391601563 -331.61752319335937 -330.83151245117187 -328.66799926757812 -328.66799926757812 -324.89813232421875 -319.087646484375 -310.32138061523437 -296.34780883789062 -270.0125732421875 -270.0125732421875 -201.94892883300781 -229.98747253417969
-252.02958679199219 -198.26606750488281 -164.03593444824219 -164.03593444824219 -197.51312255859375 -211.50233459472656 -209.61257934570312 -221.37333679199219 -240.776611328125 -240.776611328125 -258.03384399414062 -268.470947265625 -270.30667114257812 -261.29119873046875 -236.02471923828125 -236.02471923828125 -178.31097412109375 -111.70025634765625 -212.67817687988281 -255.76832580566406 -279.22470092773437 -279.22470092773437 -294.43179321289062 -305.4227294921875 -313.78961181640625 -320.18136596679687 -324.90676879882813 -324.90676879882813 -328.13055419921875 -329.92416381835937 -330.28009033203125 -329.11611938476562 -326.2674560546875 -326.2674560546875 -321.44564819335938 -314.09817504882812 -302.9481201171875 -284.30279541015625 -241.38308715820313 -241.38308715820313 -213.04461669921875 -253.07420349121094
-259.71917724609375 -240.67814636230469 -228.88670349121094 -228.88670349121094 -234.82875061035156 -240.38949584960937 -242.92256164550781 -249.26875305175781 -259.59576416015625 -259.59576416015625 -269.04916381835937 -274.49887084960937 -273.81997680664062 -264.591552734375 -241.86807250976562 -241.86807250976562 -187.63273620605469 -146.4683837890625 -208.43089294433594 -251.66856384277344 -275.38104248046875 -275.38104248046875 -291.08428955078125 -302.7691650390625 -311.83181762695312 -318.77490234375 -323.87771606445312 -323.87771606445312 -327.32171630859375 -329.19326782226562 -329.48471069335937 -328.09805297851562 -324.84063720703125 -324.84063720703125 -319.3885498046875 -311.13613891601562 -298.62152099609375 -277.17117309570312 -224.60200500488281 -224.60200500488281 -226.99569702148437 -253.0128173828125
-265.0640869140625 -258.31857299804687 -253.91319274902344 -253.91319274902344 -255.26980590820313 -258.19821166992187 -261.06890869140625 -265.50674438476562 -271.49734497070312 -271.49734497070312 -276.80752563476562 -279.30181884765625 -277.12469482421875 -267.96795654296875 -247.1295166015625 -247.1295166015625 -198.91937255859375 -133.46684265136719 -200.14976501464844 -246.0181884765625 -270.431884765625 -270.431884765625 -286.82513427734375 -299.53167724609375 -309.56588745117187 -317.20700073242187 -322.75201416015625 -322.75201416015625 -326.442626953125 -328.39984130859375 -328.6201171875 -326.98458862304688 -323.26080322265625 -323.26080322265625 -317.07644653320312 -307.77566528320312 -293.72793579101563 -268.65264892578125 -178.85026550292969 -178.85026550292969 -243.068603515625 -250.6109619140625
-268.24533081054687 -269.9329833984375 -271.4246826171875 -271.4246826171875 -273.48126220703125 -276.04293823242187 -278.86251831054687 -281.84002685546875 -284.62545776367187 -284.62545776367187 -286.42947387695312 -286.23065185546875 -282.83453369140625 -274.50238037109375 -257.63650512695312 -257.63650512695312 -221.99354553222656 -118.39940643310547 -160.91694641113281 -223.05775451660156 -252.50791931152344 -252.50791931152344 -271.67288208007812 -290.0518798828125 -303.93295288085937 -313.6285400390625 -320.26925659179687 -320.26925659179687 -324.52218627929687 -326.6700439453125 -326.7310791015625 -324.51620483398437 -319.64224243164062 -319.64224243164062 -311.51904296875 -299.29263305664062 -281.28048706054687 -248.59713745117187 -190.99185180664062 -190.99185180664062 -250.68046569824219 -228.95335388183594
-267.337646484375 -270.96649169921875 -274.00570678710937 -274.00570678710937 -276.96548461914062 -280.00927734375 -283.0562744140625 -285.91598510742187 -288.22378540039062 -288.22378540039062 -289.395263671875 -288.68405151367187 -285.16485595703125 -277.43826293945312 -262.61495971679687 -262.61495971679687 -232.1124267578125 -130.68797302246094 -161.80532836914062 -196.61976623535156 -232.71757507324219 -232.71757507324219 -254.47695922851562 -283.172119140625 -300.656494140625 -311.70596313476562 -318.95846557617187 -318.95846557617187 -323.50521850585937 -325.75241088867187 -325.72998046875 -323.19229125976562 -317.62216186523437 -317.62216186523437 -308.18035888671875 -293.63580322265625 -272.17807006835937 -234.66983032226562 -215.27798461914062 -215.27798461914062 -245.85076904296875 -206.13815307617187
-265.36703491210937 -270.42257690429687 -274.6019287109375 -274.6019287109375 -278.37191772460937 -281.99566650390625 -285.44314575195312 -288.45858764648437 -290.65509033203125 -290.65509033203125 -291.55685424804687 -290.60586547851562 -287.10232543945313 -279.9658203125 -266.973876953125 -266.973876953125 -241.34757995605469 -149.49751281738281 -193.76788330078125 -155.38287353515625 -186.82679748535156 -186.82679748535156 -218.44308471679687 -275.50180053710937 -297.37713623046875 -309.80377197265625 -317.6385498046875 -317.6385498046875 -322.46212768554687 -324.80587768554688 -324.703369140625 -321.83514404296875 -315.49966430664062 -315.49966430664062 -304.442626953125 -286.456787109375 -257.741455078125 -208.97109985351562 -219.18154907226562 -219.18154907226562 -230.88475036621094 -165.34053039550781
-259.22930908203125 -266.26898193359375 -271.80123901367187 -271.80123901367187 -276.6566162109375 -281.5599365234375 -286.41818237304687 -290.5096435546875 -293.220703125 -293.220703125 -294.18759155273438 -293.13217163085937 -289.70986938476562 -283.31362915039062 -272.59762573242187 -272.59762573242187 -253.51490783691406 -174.92716979980469 -226.633544921875 -228.661376953125 -212.41401672363281 -212.41401672363281 -173.36091613769531 -264.73126220703125 -292.12646484375 -306.39935302734375 -315.03567504882812 -315.03567504882812 -320.2818603515625 -322.79608154296875 -322.568115234375 -319.092529296875 -311.16876220703125 -311.16876220703125 -296.11599731445312 -266.23394775390625 -169.064208984375 -210.6146240234375 -203.76765441894531 -203.76765441894531 -225.50541687011719 -247.41690063476562
-255.35919189453125 -263.01364135742187 -268.62033081054687 -268.62033081054687 -273.470703125 -279.12564086914062 -285.29843139648437 -290.45126342773437 -293.73834228515625 -293.73834228515625 -294.9097900390625 -293.85140991210937 -290.37448120117187 -284.01504516601562 -273.50732421875 -273.50732421875 -254.59228515625 -194.25601196289062 -230.2965087890625 -239.62196350097656 -214.93600463867187 -214.93600463867187 -191.93353271484375 -261.67193603515625 -290.49740600585937 -304.95834350585937 -313.72732543945312 -313.72732543945312 -319.09942626953125 -321.6837158203125 -321.41827392578125 -317.70480346679687 -309.06756591796875 -309.06756591796875 -291.8157958984375 -253.07015991210937 -197.46710205078125 -219.00852966308594 -184.94984436035156 -184.94984436035156 -235.55271911621094 -256.0594482421875
-246.36936950683594 -254.23802185058594 -257.15249633789062 -257.15249633789062 -256.29544067382812 -265.32675170898437 -279.53634643554687 -288.91293334960937 -293.97238159179687 -293.97238159179687 -295.67288208007812 -294.47360229492187 -290.52645874023437 -283.59799194335937 -272.23214721679687 -272.23214721679687 -248.96745300292969 -161.24818420410156 -229.81594848632812 -232.28378295898437 -164.69769287109375 -164.69769287109375 -216.96615600585937 -266.218505859375 -289.20437622070312 -302.1854248046875 -310.78762817382812 -310.78762817382812 -316.294677734375 -318.97860717773437 -318.64633178710937 -314.58255004882812 -304.91796875 -304.91796875 -283.41265869140625 -203.62298583984375 -243.59803771972656 -202.45622253417969 -206.17950439453125 -206.17950439453125 -228.02281188964844 -244.95162963867187
