bathy.asc
ncols        183
nrows        111
xllcorner    3.034424973466
yllcorner    42.435974954305
cellsize     0.004729918180
NODATA_value  -9999
[rows 38 to 56 of 111, columns 126 to 167 of 183]
-173.44700622558594 -191.98123168945312 -183.85665893554687 -183.85665893554687 -189.8466796875 -209.679443359375 -242.50332641601562 -242.30805969238281 -236.18075561523437 -236.18075561523437 -232.795654296875 -228.53785705566406 -211.89968872070312 -207.90899658203125 -175.07583618164062 -175.07583618164062 -214.80558776855469 -231.13423156738281 -245.22891235351562 -259.0794677734375 -259.0794677734375 -270.093017578125 -277.6905517578125 -282.6163330078125 -285.35763549804687 -285.94940185546875 -285.94940185546875 -283.93704223632812 -278.05865478515625 -265.04782104492187 -234.05384826660156 -190.7406005859375 -190.7406005859375 -195.20370483398437 -224.25520324707031 -227.67510986328125 -234.05665588378906 -216.83366394042969 -216.83366394042969 -248.78573608398437 -250.34817504882813 -237.33377075195312
-189.6236572265625 -202.92158508300781 -172.14848327636719 -172.14848327636719 -193.37763977050781 -210.52432250976562 -230.22039794921875 -242.75617980957031 -244.16828918457031 -244.16828918457031 -246.88252258300781 -246.32994079589844 -236.55160522460937 -206.54493713378906 -214.005615234375 -214.005615234375 -221.85258483886719 -218.71420288085937 -193.80160522460937 -227.04136657714844 -227.04136657714844 -256.14840698242187 -266.89776611328125 -274.03955078125 -278.38229370117187 -280.65914916992187 -280.65914916992187 -280.56942749023437 -277.06536865234375 -267.43304443359375 -239.86672973632812 -191.77818298339844 -191.77818298339844 -218.39617919921875 -216.90681457519531 -229.83271789550781 -246.03387451171875 -252.37789916992187 -252.37789916992187 -248.09408569335937 -245.86177062988281 -262.48037719726562
-195.29730224609375 -205.48872375488281 -173.40776062011719 -173.40776062011719 -198.92170715332031 -206.52560424804687 -231.77835083007812 -246.79641723632812 -245.0638427734375 -245.0638427734375 -248.39283752441406 -249.054443359375 -245.889892578125 -243.88064575195312 -220.057373046875 -220.057373046875 -200.71713256835937 -181.1884765625 -225.35777282714844 -180.34245300292969 -180.34245300292969 -241.18486022949219 -251.11553955078125 -263.14987182617187 -269.30368041992187 -273.62396240234375 -273.62396240234375 -275.29559326171875 -273.87078857421875 -267.59036254882812 -251.50271606445312 -219.67921447753906 -219.67921447753906 -217.83564758300781 -203.06135559082031 -221.00117492675781 -250.15420532226562 -246.76058959960937 -246.76058959960937 -252.66502380371094 -263.75338745117187 -266.47262573242187
-184.01156616210937 -204.57351684570312 -191.90170288085937 -191.90170288085937 -195.85157775878906 -217.92466735839844 -232.96147155761719 -231.65528869628906 -246.35711669921875 -246.35711669921875 -251.39280700683594 -254.54937744140625 -258.50070190429687 -253.38142395019531 -242.98890686035156 -242.98890686035156 -234.07960510253906 -212.16752624511719 -222.57606506347656 -226.86285400390625 -226.86285400390625 -186.90676879882812 -185.76345825195312 -233.218994140625 -245.84892272949219 -258.28512573242187 -258.28512573242187 -263.12716674804687 -265.07565307617187 -262.58901977539062 -254.84025573730469 -233.49398803710937 -233.49398803710937 -220.2060546875 -191.85386657714844 -216.19718933105469 -248.09298706054687 -231.57362365722656 -231.57362365722656 -264.10592651367187 -250.64814758300781 -270.40618896484375
-198.0599365234375 -176.09396362304687 -197.96096801757812 -197.96096801757812 -189.59251403808594 -218.09027099609375 -231.81585693359375 -230.72976684570312 -249.84147644042969 -249.84147644042969 -255.87237548828125 -263.27206420898437 -276.589111328125 -293.45730590820312 -277.2591552734375 -277.2591552734375 -254.22984313964844 -239.85043334960937 -215.33619689941406 -245.13368225097656 -245.13368225097656 -253.90971374511719 -260.30575561523437 -262.109375 -250.37469482421875 -236.21348571777344 -236.21348571777344 -213.41899108886719 -188.06333923339844 -189.16610717773437 -179.78363037109375 -204.52053833007812 -204.52053833007812 -256.92303466796875 -245.69430541992187 -197.9783935546875 -201.99656677246094 -240.31935119628906 -240.31935119628906 -266.88470458984375 -278.54745483398437 -302.61602783203125
-214.47012329101562 -145.75956726074219 -192.59136962890625 -192.59136962890625 -176.47895812988281 -221.14910888671875 -227.28269958496094 -242.39958190917969 -250.14590454101562 -250.14590454101562 -250.49908447265625 -265.24368286132812 -273.52951049804687 -279.828125 -274.50216674804687 -274.50216674804687 -261.08905029296875 -248.92803955078125 -190.74508666992187 -233.74708557128906 -233.74708557128906 -241.40403747558594 -254.04371643066406 -266.78973388671875 -270.2796630859375 -269.2098388671875 -269.2098388671875 -265.38027954101562 -262.32858276367187 -261.98040771484375 -262.38430786132812 -266.70272827148437 -266.70272827148437 -270.7916259765625 -262.6864013671875 -235.60952758789062 -230.83732604980469 -246.26052856445312 -246.26052856445312 -264.75857543945312 -284.303466796875 -318.17172241210937
-236.45404052734375 -217.44096374511719 -196.04269409179687 -196.04269409179687 -185.89328002929687 -193.5638427734375 -224.43119812011719 -243.85618591308594 -250.81710815429687 -250.81710815429687 -260.24069213867187 -269.42828369140625 -277.12673950195312 -281.84652709960937 -282.331787109375 -282.331787109375 -277.11941528320312 -263.58331298828125 -250.20567321777344 -243.98277282714844 -243.98277282714844 -247.23193359375 -212.93045043945312 -255.08840942382813 -269.44088745117187 -278.14337158203125 -278.14337158203125 -283.6439208984375 -287.30810546875 -289.34518432617187 -289.94403076171875 -289.41091918945312 -289.41091918945312 -286.81222534179687 -279.30728149414062 -261.22970581054687 -205.17355346679687 -237.24261474609375 -237.24261474609375 -249.16546630859375 -291.04925537109375 -366.14242553710937
-244.37431335449219 -228.08076477050781 -200.4573974609375 -200.4573974609375 -187.19221496582031 -166.71405029296875 -218.70497131347656 -240.70213317871094 -249.50895690917969 -249.50895690917969 -260.78939819335938 -270.858642578125 -279.45944213867187 -285.58328247070312 -288.26223754882812 -288.26223754882812 -286.36886596679687 -278.98898315429687 -270.1356201171875 -263.7137451171875 -263.7137451171875 -252.68647766113281 -222.68276977539062 -228.095458984375 -249.00787353515625 -267.86956787109375 -267.86956787109375 -278.18170166015625 -285.87567138671875 -290.16729736328125 -291.58377075195312 -291.39364624023437 -291.39364624023437 -289.43673706054687 -282.64212036132812 -261.89407348632812 -208.75424194335938 -244.29716491699219 -244.29716491699219 -264.77224731445312 -301.97445678710937 -386.78561401367187
-251.04388427734375 -235.04689025878906 -193.42909240722656 -193.42909240722656 -191.66264343261719 -194.34114074707031 -202.9554443359375 -236.28471374511719 -247.01437377929687 -247.01437377929687 -259.609375 -271.132080078125 -281.27920532226562 -289.23495483398437 -294.25027465820313 -294.25027465820313 -295.58193969726562 -292.95932006835937 -287.98812866210937 -280.939697265625 -280.939697265625 -260.90689086914062 -211.98834228515625 -211.72084045410156 -228.00834655761719 -235.472900390625 -235.472900390625 -258.98077392578125 -276.1240234375 -284.21710205078125 -286.53854370117187 -287.2923583984375 -287.2923583984375 -287.71176147460938 -283.21932983398437 -259.65087890625 -238.8433837890625 -240.53213500976562 -240.53213500976562 -262.92230224609375 -310.3673095703125 -390.30572509765625
-262.96844482421875 -249.33224487304687 -228.60870361328125 -228.60870361328125 -182.4195556640625 -209.13459777832031 -171.54335021972656 -233.48202514648437 -236.63911437988281 -236.63911437988281 -250.833984375 -267.11801147460937 -282.15603637695312 -294.84881591796875 -305.10720825195312 -305.10720825195312 -312.71817016601562 -317.20086669921875 -317.8111572265625 -312.40350341796875 -312.40350341796875 -292.35369873046875 -257.21710205078125 -254.59675598144531 -265.2576904296875 -242.17059326171875 -242.17059326171875 -236.881103515625 -232.86277770996094 -185.88032531738281 -182.79853820800781 -178.71888732910156 -178.71888732910156 -248.24049377441406 -266.78640747070312 -261.95742797851562 -197.99476623535156 -247.2940673828125 -247.2940673828125 -233.70352172851562 -258.69180297851562 -359.6798095703125
-268.58206176757812 -256.1336669921875 -237.49485778808594 -237.49485778808594 -195.44471740722656 -206.65299987792969 -209.17048645019531 -189.01205444335937 -221.01707458496094 -221.01707458496094 -243.240966796875 -262.56869506835937 -280.89227294921875 -296.3883056640625 -309.62496948242187 -309.62496948242187 -320.69662475585937 -328.85934448242187 -332.52923583984375 -330.06005859375 -330.06005859375 -320.16311645507812 -309.12850952148437 -301.85232543945312 -290.69427490234375 -277.80081176757812 -277.80081176757812 -259.759765625 -252.52287292480469 -245.06950378417969 -242.57470703125 -226.42982482910156 -226.42982482910156 -234.43794250488281 -181.42550659179687 -210.108154296875 -233.48957824707031 -269.53744506835937 -269.53744506835937 -217.80381774902344 -267.70785522460937 -337.93496704101562
-273.96737670898437 -262.44021606445312 -244.65577697753906 -244.65577697753906 -200.528076171875 -202.98394775390625 -223.50032043457031 -190.21107482910156 -202.88226318359375 -202.88226318359375 -236.28730773925781 -256.8809814453125 -278.40277099609375 -296.8121337890625 -313.31536865234375 -313.31536865234375 -328.47845458984375 -341.30996704101562 -348.4979248046875 -348.63424682617188 -348.63424682617188 -343.4873046875 -336.57180786132812 -329.64804077148437 -320.26116943359375 -306.07864379882812 -306.07864379882812 -267.50909423828125 -269.17929077148437 -287.43649291992187 -282.289794921875 -227.083740234375 -227.083740234375 -224.57795715332031 -250.497314453125 -256.40423583984375 -262.89471435546875 -264.86328125 -264.86328125 -231.5992431640625 -253.86912536621094 -309.73837280273437
-284.01315307617187 -274.235107421875 -259.66070556640625 -259.66070556640625 -232.98280334472656 -126.30058288574219 -233.24757385253906 -239.44703674316406 -220.11282348632812 -220.11282348632812 -201.29693603515625 -242.75906372070312 -268.37002563476562 -292.73605346679688 -316.65423583984375 -316.65423583984375 -343.5628662109375 -379.63388061523437 -395.248291015625 -390.34814453125 -390.34814453125 -386.44580078125 -381.6734619140625 -375.08505249023437 -365.52401733398438 -349.83489990234375 -349.83489990234375 -316.396728515625 -281.5364990234375 -289.21942138671875 -294.49053955078125 -272.759033203125 -272.759033203125 -298.27481079101562 -284.7457275390625 -264.7860107421875 -259.16571044921875 -273.9908447265625 -273.9908447265625 -278.99346923828125 -284.27120971679687 -304.58721923828125
-288.6004638671875 -279.66259765625 -266.75665283203125 -266.75665283203125 -244.89178466796875 -176.66395568847656 -232.84735107421875 -247.9034423828125 -236.99006652832031 -236.99006652832031 -194.40023803710937 -234.91957092285156 -259.3944091796875 -286.78860473632812 -314.64752197265625 -314.64752197265625 -348.77703857421875 -430.8824462890625 -447.86376953125 -415.23651123046875 -415.23651123046875 -408.5191650390625 -403.19143676757812 -396.23410034179687 -386.44723510742187 -371.07864379882812 -371.07864379882812 -341.7200927734375 -286.1458740234375 -280.8319091796875 -257.85971069335938 -312.92251586914062 -312.92251586914062 -321.63430786132812 -315.1402587890625 -307.7293701171875 -305.86392211914062 -308.4488525390625 -308.4488525390625 -310.97433471679687 -307.4912109375 -289.957275390625
-292.80844116210937 -284.58462524414062 -272.908447265625 -272.908447265625 -253.44793701171875 -192.16854858398437 -228.35598754882812 -254.32481384277344 -250.04885864257813 -250.04885864257813 -222.99624633789063 -203.67340087890625 -247.59906005859375 -276.39239501953125 -308.32977294921875 -308.32977294921875 -348.78170776367188 -420.95523071289062 -481.07174682617187 -443.27859497070312 -443.27859497070312 -432.39593505859375 -425.22634887695312 -417.31524658203125 -407.2550048828125 -392.57550048828125 -392.57550048828125 -367.08636474609375 -286.35226440429687 -320.95877075195312 -328.99533081054687 -335.99212646484375 -335.99212646484375 -336.23825073242187 -329.17300415039062 -323.24099731445312 -322.01364135742187 -320.17425537109375 -320.17425537109375 -311.9534912109375 -281.83657836914062 -333.44076538085937
-299.78106689453125 -292.41378784179687 -281.89715576171875 -281.89715576171875 -264.72537231445312 -226.79443359375 -210.84579467773437 -265.0572509765625 -270.21835327148437 -270.21835327148437 -259.14901733398438 -223.26777648925781 -220.26925659179687 -221.51904296875 -276.9163818359375 -276.9163818359375 -335.60464477539062 -392.3790283203125 -467.05682373046875 -542.94342041015625 -542.94342041015625 -496.27487182617187 -472.91085815429687 -460.52581787109375 -449.29263305664062 -435.9173583984375 -435.9173583984375 -418.19583129882812 -393.7806396484375 -364.47427368164062 -298.78533935546875 -266.06381225585938 -266.06381225585938 -254.58184814453125 -303.25384521484375 -329.9146728515625 -320.04006958007813 -328.40374755859375 -328.40374755859375 -343.63821411132812 -360.97039794921875 -373.42721557617187
-302.39935302734375 -295.11569213867187 -284.42147827148437 -284.42147827148437 -265.93453979492187 -218.21353149414062 -219.94583129882812 -271.44073486328125 -278.67330932617187 -278.67330932617187 -272.1131591796875 -251.74671936035156 -231.64044189453125 -213.11163330078125 -263.968994140625 -263.968994140625 -326.15310668945312 -385.06927490234375 -453.0621337890625 -529.26092529296875 -529.26092529296875 -539.61737060546875 -499.1639404296875 -483.04483032226562 -470.65377807617187 -457.2989501953125 -457.2989501953125 -441.42965698242187 -422.92984008789062 -403.31771850585937 -381.3243408203125 -365.95404052734375 -365.95404052734375 -361.73822021484375 -365.11026000976563 -367.35128784179687 -364.691650390625 -365.731201171875 -365.731201171875 -371.31765747070312 -379.40106201171875 -387.29302978515625
-304.341552734375 -296.8843994140625 -285.43557739257812 -285.43557739257812 -263.9432373046875 -178.10989379882812 -243.00959777832031 -278.70785522460937 -286.10980224609375 -286.10980224609375 -281.87936401367187 -267.19622802734375 -173.57156372070312 -231.61636352539062 -249.9737548828125 -249.9737548828125 -314.48126220703125 -376.74551391601562 -442.00387573242187 -511.60671997070312 -511.60671997070312 -532.468017578125 -525.07196044921875 -506.39361572265625 -492.39462280273437 -478.32638549804687 -478.32638549804687 -462.93759155273437 -446.6715087890625 -430.50341796875 -415.39654541015625 -403.94427490234375 -403.94427490234375 -397.19961547851562 -393.93472290039062 -391.64401245117187 -389.1824951171875 -388.64324951171875 -388.64324951171875 -390.83621215820312 -394.99148559570312 -399.90634155273438
-305.82583618164062 -297.16635131835937 -282.123291015625 -282.123291015625 -245.46124267578125 -180.65521240234375 -269.75225830078125 -292.44882202148437 -297.3221435546875 -297.3221435546875 -291.44094848632812 -269.44488525390625 -178.26651000976562 -265.493896484375 -202.50617980957031 -202.50617980957031 -274.0010986328125 -353.9090576171875 -417.83395385742187 -478.35690307617187 -478.35690307617187 -522.38641357421875 -559.0830078125 -570.7332763671875 -535.50537109375 -518.763427734375 -518.763427734375 -501.53787231445312 -485.57046508789062 -471.06088256835937 -458.29776000976562 -447.6334228515625 -447.6334228515625 -439.18051147460937 -432.67327880859375 -427.67129516601562 -423.95458984375 -421.66851806640625 -421.66851806640625 -420.9105224609375 -421.47305297851562 -422.95660400390625
