bathy.asc
ncols        183
nrows        111
xllcorner    3.034424973466
yllcorner    42.435974954305
cellsize     0.004729918180
NODATA_value  -9999
[rows 76 to 94 of 111, columns 42 to 83 of 183]
-250.76817321777344 -260.400634765625 -268.746826171875 -275.97677612304687 -275.97677612304687 -282.2158203125 -287.55868530273437 -292.0777587890625 -295.82858276367188 -298.85272216796875 -298.85272216796875 -301.18002319335937 -302.82937622070312 -303.80905151367187 -304.11627197265625 -303.73626708984375 -303.73626708984375 -302.64013671875 -300.78219604492187 -298.09512329101562 -294.48309326171875 -289.81060791015625 -289.81060791015625 -283.884033203125 -276.4190673828125 -266.9788818359375 -254.83775329589844 -254.83775329589844 -238.53782653808594 -212.46719360351562 -155.72015380859375 -186.1759033203125 -183.500244140625 -183.500244140625 -211.46290588378906 -225.80302429199219 -217.34124755859375 -184.28773498535156 -169.83880615234375 -169.83880615234375 -190.76034545898437 -226.33442687988281
-251.84037780761719 -261.3572998046875 -269.6239013671875 -276.79818725585937 -276.79818725585937 -282.99771118164062 -288.31198120117187 -292.809814453125 -296.54409790039062 -299.55462646484375 -299.55462646484375 -301.86972045898437 -303.50717163085937 -304.47415161132812 -304.76690673828125 -304.36947631835937 -304.36947631835937 -303.25152587890625 -301.36529541015625 -298.64059448242187 -294.97714233398437 -290.23233032226562 -290.23233032226562 -284.200439453125 -276.57513427734375 -266.8760986328125 -254.29811096191406 -254.29811096191406 -237.41073608398437 -212.97358703613281 -132.64344787597656 -180.23335266113281 -220.21650695800781 -220.21650695800781 -247.83335876464844 -226.74476623535156 -244.69126892089844 -218.40711975097656 -199.95379638671875 -199.95379638671875 -150.5792236328125 -219.95050048828125
-253.71046447753906 -263.07470703125 -271.23928833007812 -278.34640502929687 -278.34640502929687 -284.50299072265625 -289.79116821289063 -294.27471923828125 -298.0030517578125 -301.01348876953125 -301.01348876953125 -303.332763671875 -304.97760009765625 -305.95455932617188 -306.25961303710938 -305.87655639648438 -305.87655639648438 -304.77523803710938 -302.90805053710937 -300.205078125 -296.56671142578125 -291.85128784179687 -291.85128784179687 -285.8544921875 -278.27008056640625 -268.60208129882812 -255.90446472167969 -255.90446472167969 -237.50068664550781 -194.56013488769531 -193.0565185546875 -165.67446899414062 -221.23371887207031 -221.23371887207031 -227.22152709960937 -230.0369873046875 -225.84844970703125 -186.2469482421875 -167.46380615234375 -167.46380615234375 -178.97027587890625 -213.06376647949219
-254.51231384277344 -263.837890625 -271.97918701171875 -279.0743408203125 -279.0743408203125 -285.2271728515625 -290.5177001953125 -295.00811767578125 -298.74688720703125 -301.77081298828125 -301.77081298828125 -304.10641479492187 -305.7705078125 -306.77011108398437 -307.10177612304687 -306.75048828125 -306.75048828125 -305.68746948242187 -303.8673095703125 -301.22329711914062 -297.66064453125 -293.04544067382812 -293.04544067382812 -287.18658447265625 -279.80145263671875 -270.43777465820312 -258.22512817382812 -258.22512817382812 -240.52476501464844 -197.19111633300781 -196.60133361816406 -173.95863342285156 -214.9517822265625 -214.9517822265625 -227.53788757324219 -232.00892639160156 -225.82687377929687 -200.59510803222656 -199.71017456054687 -199.71017456054687 -176.50990295410156 -206.24760437011719
-255.23124694824219 -264.54074096679687 -272.6759033203125 -279.77267456054687 -279.77267456054687 -285.93313598632812 -291.23593139648437 -295.74237060546875 -299.50033569335937 -302.54656982421875 -302.54656982421875 -304.90777587890625 -306.60125732421875 -307.6348876953125 -308.00650024414062 -307.70269775390625 -307.70269775390625 -306.69717407226562 -304.94781494140625 -302.39288330078125 -298.94485473632812 -294.48150634765625 -294.48150634765625 -288.83132934570312 -281.74758911132812 -272.85385131835938 -261.49722290039062 -261.49722290039062 -246.2662353515625 -225.31327819824219 -210.89620971679687 -165.54559326171875 -203.18156433105469 -203.18156433105469 -227.8057861328125 -234.32902526855469 -232.92985534667969 -235.19366455078125 -188.05104064941406 -188.05104064941406 -183.04083251953125 -174.05732727050781
-256.44580078125 -265.78005981445312 -273.9482421875 -281.08563232421875 -281.08563232421875 -287.293212890625 -292.6488037109375 -297.21337890625 -301.03509521484375 -304.15139770507812 -304.15139770507812 -306.59048461914062 -308.3717041015625 -309.505859375 -309.99459838867188 -309.8297119140625 -309.8297119140625 -308.9918212890625 -307.44845581054687 -305.15130615234375 -302.03268432617187 -298.00042724609375 -298.00042724609375 -292.93118286132813 -286.66152954101562 -278.978271484375 -269.6197509765625 -269.6197509765625 -258.34857177734375 -245.08512878417969 -228.12362670898437 -189.95939636230469 -173.36639404296875 -173.36639404296875 -226.36630249023437 -238.05604553222656 -243.77029418945312 -236.58857727050781 -201.07557678222656 -201.07557678222656 -203.63818359375 -227.26716613769531
-256.9554443359375 -266.32476806640625 -274.52874755859375 -281.70303344726562 -281.70303344726562 -287.94879150390625 -293.343994140625 -297.95001220703125 -301.81552124023437 -304.9788818359375 -304.9788818359375 -307.46942138671875 -309.30801391601562 -310.50738525390625 -311.07168579101562 -310.9959716796875 -310.9959716796875 -310.26513671875 -308.85238647460937 -306.7174072265625 -303.80352783203125 -300.03466796875 -300.03466796875 -295.31134033203125 -289.5067138671875 -282.46490478515625 -274.00723266601562 -274.00723266601562 -263.93984985351562 -251.85847473144531 -235.65216064453125 -201.07505798339844 -187.2320556640625 -187.2320556640625 -212.19558715820313 -237.72012329101562 -250.57014465332031 -250.09638977050781 -232.17478942871094 -232.17478942871094 -241.40971374511719 -245.41145324707031
-257.4091796875 -266.82501220703125 -275.07540893554687 -282.2962646484375 -282.2962646484375 -288.58901977539062 -294.03195190429687 -298.68704223632812 -302.60382080078125 -305.82168579101562 -305.82168579101562 -308.37136840820312 -310.27554321289062 -311.54910278320312 -312.198974609375 -312.22378540039062 -312.22378540039062 -311.61300659179687 -310.34597778320312 -308.3905029296875 -305.70108032226562 -302.2171630859375 -302.2171630859375 -297.86093139648437 -292.53607177734375 -286.12701416015625 -278.496337890625 -278.496337890625 -269.44577026367187 -258.46566772460937 -243.59791564941406 -212.62373352050781 -200.20458984375 -200.20458984375 -176.43307495117187 -235.54435729980469 -257.39547729492187 -268.44882202148437 -264.131591796875 -264.131591796875 -267.0643310546875 -264.75311279296875
-258.17221069335937 -267.70648193359375 -276.07611083984375 -283.41552734375 -283.41552734375 -289.82601928710937 -295.38674926757812 -300.1611328125 -304.20086669921875 -307.548095703125 -307.548095703125 -310.23687744140625 -312.29400634765625 -313.73931884765625 -314.58587646484375 -314.83990478515625 -314.83990478515625 -314.50054931640625 -313.55947875976562 -312.00051879882813 -309.79928588867187 -306.92276000976562 -306.92276000976562 -303.32901000976562 -298.966796875 -293.77249145507812 -287.65756225585938 -287.65756225585938 -280.46438598632812 -271.8453369140625 -261.0096435546875 -246.47651672363281 -225.82029724121094 -225.82029724121094 -183.51675415039062 -213.95199584960937 -267.29876708984375 -448.02484130859375 -344.74740600585937 -344.74740600585937 -331.3597412109375 -320.01544189453125
-258.49008178710937 -268.09347534179687 -276.53390502929687 -283.94378662109375 -283.94378662109375 -290.42388916015625 -296.05361938476562 -300.89727783203125 -305.00775146484375 -308.42877197265625 -308.42877197265625 -311.1962890625 -313.33929443359375 -314.88034057617187 -315.83563232421875 -316.21536254882812 -316.21536254882812 -316.02337646484375 -315.25738525390625 -313.90872192382812 -311.96234130859375 -309.39697265625 -309.39697265625 -306.1851806640625 -302.2926025390625 -297.67483520507813 -292.265625 -292.265625 -285.94473266601562 -278.46966552734375 -269.37109375 -257.80792236328125 -240.78355407714844 -240.78355407714844 -160.61944580078125 -185.021484375 -261.1400146484375 -449.24343872070312 -482.3409423828125 -482.3409423828125 -376.89871215820312 -372.28915405273437
-258.76901245117187 -268.44729614257812 -276.96517944335937 -284.45233154296875 -284.45233154296875 -291.008544921875 -296.71343994140625 -301.63217163085937 -305.81890869140625 -309.31903076171875 -309.31903076171875 -312.1705322265625 -314.4046630859375 -316.04672241210937 -317.11614990234375 -317.62692260742187 -317.62692260742187 -317.58761596679688 -317.00155639648437 -315.86703491210937 -314.17755126953125 -311.92227172851562 -311.92227172851562 -309.08602905273438 -305.64889526367187 -301.58303833007812 -296.8431396484375 -296.8431396484375 -291.34405517578125 -284.91796875 -277.23834228515625 -267.56781005859375 -253.15049743652344 -253.15049743652344 -215.66691589355469 -175.75628662109375 -246.29232788085937 -324.86663818359375 -412.68594360351562 -412.68594360351562 -501.15744018554687 -510.25732421875
-259.2127685546875 -269.05963134765625 -277.75210571289062 -285.41290283203125 -285.41290283203125 -292.139404296875 -298.01141357421875 -303.09585571289062 -307.44967651367187 -311.12185668945312 -311.12185668945312 -314.1544189453125 -316.58346557617187 -318.43972778320312 -319.74896240234375 -320.53240966796875 -320.53240966796875 -320.8072509765625 -320.5870361328125 -319.88211059570312 -318.7003173828125 -317.04757690429688 -317.04757690429688 -314.92816162109375 -312.34445190429688 -309.29483032226562 -305.767822265625 -305.767822265625 -301.729736328125 -297.09841918945312 -291.68002319335938 -284.9901123046875 -275.77041625976562 -275.77041625976562 -260.81527709960937 -220.20036315917969 -176.93710327148437 -231.99412536621094 -330.31057739257812 -330.31057739257812 -491.24530029296875 -494.6959228515625
-259.37701416015625 -269.31915283203125 -278.10906982421875 -285.865966796875 -285.865966796875 -292.68606567382812 -298.64932250976562 -303.82354736328125 -308.26727294921875 -312.03121948242187 -312.03121948242187 -315.15960693359375 -317.69091796875 -319.6585693359375 -321.09127807617187 -322.0137939453125 -322.0137939453125 -322.44705200195312 -322.40902709960937 -321.91519165039063 -320.9791259765625 -319.61328125 -319.61328125 -317.82925415039063 -315.63772583007812 -313.046630859375 -310.05667114257812 -310.05667114257812 -306.6514892578125 -302.77651977539062 -298.29022216796875 -292.84820556640625 -285.63925170898437 -285.63925170898437 -274.5740966796875 -248.78565979003906 -227.81822204589844 -162.00163269042969 -268.87875366210937 -268.87875366210937 -406.26336669921875 -528.21832275390625
-259.58721923828125 -269.7462158203125 -278.75265502929687 -286.72015380859375 -286.72015380859375 -293.74325561523438 -299.90261840820312 -305.268310546875 -309.90200805664062 -313.85830688476562 -313.85830688476562 -317.185791015625 -319.92767333984375 -322.12252807617187 -323.8046875 -325.00497436523437 -325.00497436523437 -325.75115966796875 -326.06857299804687 -325.98086547851562 -325.5106201171875 -324.67990112304687 -324.67990112304687 -323.51080322265625 -322.0250244140625 -320.2427978515625 -318.17987060546875 -318.17987060546875 -315.84078979492187 -313.20611572265625 -310.20761108398437 -306.68075561523437 -302.26690673828125 -302.26690673828125 -296.1497802734375 -286.21441650390625 -263.88870239257812 -232.88774108886719 -218.21939086914063 -218.21939086914063 -323.90081787109375 -423.68603515625
-259.63299560546875 -269.91473388671875 -279.04055786132813 -287.12240600585937 -287.12240600585937 -294.25448608398437 -300.51809692382813 -305.98468017578125 -310.717529296875 -314.77337646484375 -314.77337646484375 -318.20294189453125 -321.05178833007812 -323.3609619140625 -325.1673583984375 -326.5045166015625 -326.5045166015625 -327.40304565429687 -327.89132690429687 -327.99618530273437 -327.74346923828125 -327.15853881835937 -327.15853881835937 -326.26666259765625 -325.09268188476562 -323.65982055664062 -321.98672485351562 -321.98672485351562 -320.08184814453125 -317.93240356445312 -315.48504638671875 -312.6107177734375 -309.03463745117187 -309.03463745117187 -304.16702270507812 -296.54745483398438 -280.24691772460937 -149.43682861328125 -187.010986328125 -187.010986328125 -294.28216552734375 -414.89517211914062
-259.64019775390625 -270.05438232421875 -279.30703735351562 -287.50912475585938 -287.50912475585938 -294.75485229492187 -301.12643432617187 -306.69671630859375 -311.53097534179687 -315.68792724609375 -315.68792724609375 -319.22052001953125 -322.1766357421875 -324.59970092773437 -326.52902221679687 -328.0006103515625 -328.0006103515625 -329.047607421875 -329.7010498046875 -329.99026489257812 -329.94363403320312 -329.58895874023437 -329.58895874023437 -328.95361328125 -328.06399536132812 -326.94442749023437 -325.61383056640625 -325.61383056640625 -324.0802001953125 -322.33026123046875 -320.31097412109375 -317.8966064453125 -314.82296752929687 -314.82296752929687 -310.5362548828125 -303.74313354492187 -290.45269775390625 -246.98204040527344 -226.97572326660156 -226.97572326660156 -288.36614990234375 -414.87579345703125
-259.54568481445312 -270.252685546875 -279.78073120117187 -288.24008178710937 -288.24008178710937 -295.72610473632812 -302.32339477539062 -308.10830688476562 -313.15011596679687 -317.511962890625 -317.511962890625 -321.25137329101563 -324.42071533203125 -327.06787109375 -329.23660278320312 -330.96722412109375 -330.96722412109375 -332.29702758789063 -333.260986328125 -333.89212036132812 -334.22201538085937 -334.28091430664062 -334.28091430664062 -334.097412109375 -333.69766235351562 -333.10317993164063 -332.32699584960937 -332.32699584960937 -331.36624145507812 -330.18905639648437 -328.71011352539062 -326.74276733398437 -323.89764404296875 -323.89764404296875 -319.34671020507812 -311.22109985351562 -294.8695068359375 -254.59513854980469 -208.74870300292969 -208.74870300292969 -289.149169921875 -408.97091674804687
-259.44857788085937 -270.3150634765625 -279.9910888671875 -288.58706665039062 -288.58706665039062 -296.19915771484375 -302.91351318359375 -308.8084716796875 -313.95556640625 -318.42025756835937 -318.42025756835937 -322.26242065429687 -325.53668212890625 -328.29302978515625 -330.57723999023437 -332.431396484375 -332.431396484375 -333.89459228515625 -335.00314331054687 -335.79135131835938 -336.29153442382812 -336.53421020507812 -336.53421020507812 -336.54751586914063 -336.3560791015625 -335.9783935546875 -335.42221069335937 -335.42221069335937 -334.67608642578125 -333.69393920898437 -332.36590576171875 -330.45999145507812 -327.49404907226562 -327.49404907226562 -322.42245483398437 -312.72402954101562 -290.72186279296875 -198.65997314453125 -199.51869201660156 -199.51869201660156 -301.79049682617188 -405.56744384765625
-259.32174682617187 -270.35577392578125 -280.1864013671875 -288.92404174804687 -288.92404174804687 -296.66574096679687 -303.49945068359375 -309.50570678710937 -314.75848388671875 -319.32568359375 -319.32568359375 -323.26953125 -326.64694213867187 -329.50994873046875 -331.90618896484375 -333.87945556640625 -333.87945556640625 -335.47021484375 -336.71600341796875 -337.65191650390625 -338.3106689453125 -338.72259521484375 -338.72259521484375 -338.91476440429687 -338.90969848632812 -338.72222900390625 -338.354248046875 -338.354248046875 -337.78497314453125 -336.95358276367188 -335.72607421875 -333.8282470703125 -330.69769287109375 -330.69769287109375 -325.11102294921875 -314.02410888671875 -287.099365234375 -164.1046142578125 -231.62759399414062 -231.62759399414062 -315.47109985351562 -403.21408081054687
