bathy.asc
ncols        183
nrows        111
xllcorner    3.034424973466
yllcorner    42.435974954305
cellsize     0.004729918180
NODATA_value  -9999
[rows 0 to 18 of 111, columns 42 to 83 of 183]
-205.59933471679687 -221.77513122558594 -232.70811462402344 -240.25129699707031 -240.25129699707031 -245.396728515625 -248.70179748535156 -250.47709655761719 -250.874755859375 -249.92959594726562 -249.92959594726562 -247.57479858398437 -243.64305114746094 -237.85910034179687 -229.82499694824219 -218.96078491210937 -218.96078491210937 -204.17578125 -182.71754455566406 -148.86308288574219 -92.154869079589844 -136.42996215820312 -136.42996215820312 -204.27400207519531 -240.11857604980469 -261.52963256835937 -275.92498779296875 -275.92498779296875 -286.40121459960937 -294.44097900390625 -300.84201049804687 -306.07366943359375 -310.43218994140625 -310.43218994140625 -314.11489868164062 -317.259033203125 -319.96334838867187 -322.301025390625 -324.3275146484375 -324.3275146484375 -326.08563232421875 -327.6090087890625
-202.66012573242187 -219.16221618652344 -230.34538269042969 -238.02009582519531 -238.02009582519531 -243.19076538085937 -246.42715454101562 -248.04310607910156 -248.18287658691406 -246.85964965820312 -246.85964965820312 -243.96664428710937 -239.26997375488281 -232.39181518554687 -222.79704284667969 -209.78855895996094 -209.78855895996094 -192.28364562988281 -167.14100646972656 -127.26093292236328 -78.074981689453125 -146.33023071289062 -146.33023071289062 -203.36154174804687 -237.98994445800781 -259.648193359375 -274.419189453125 -274.419189453125 -285.210693359375 -293.49273681640625 -300.0767822265625 -305.44696044921875 -309.9110107421875 -309.9110107421875 -313.67459106445312 -316.8809814453125 -319.63330078125 -322.00790405273437 -324.0625 -324.0625 -325.8416748046875 -327.38031005859375
-200.36531066894531 -215.92817687988281 -226.787353515625 -234.27070617675781 -234.27070617675781 -239.22230529785156 -242.14994812011719 -243.33108520507812 -242.87115478515625 -240.72564697265625 -240.72564697265625 -236.69248962402344 -230.37669372558594 -221.12608337402344 -207.95503234863281 -189.59791564941406 -189.59791564941406 -165.30029296875 -135.1968994140625 -78.1795654296875 -130.37776184082031 -174.6748046875 -174.6748046875 -211.59999084472656 -238.96792602539062 -258.58554077148437 -272.92276000976563 -272.92276000976563 -283.7552490234375 -292.20309448242187 -298.96743774414062 -304.49923706054687 -309.09860229492187 -309.09860229492187 -312.97207641601562 -316.26620483398438 -319.08758544921875 -321.51580810546875 -323.6112060546875 -323.6112060546875 -325.42044067382812 -326.98001098632812
-200.44027709960937 -215.11761474609375 -225.522216796875 -232.722900390625 -232.722900390625 -237.44499206542969 -240.13911437988281 -241.04949951171875 -240.25422668457031 -237.67604064941406 -237.67604064941406 -233.06309509277344 -225.934814453125 -215.480712890625 -200.39495849609375 -178.70962524414062 -178.70962524414062 -148.60281372070313 -114.212646484375 -97.863578796386719 -148.63139343261719 -185.76246643066406 -185.76246643066406 -216.65635681152344 -240.79611206054687 -259.01947021484375 -272.81179809570312 -272.81179809570312 -283.45269775390625 -291.85137939453125 -298.62216186523437 -304.17990112304687 -308.80972290039062 -308.80972290039062 -312.71209716796875 -316.03131103515625 -318.87344360351562 -321.31802368164062 -323.42581176757812 -323.42581176757812 -325.24380493164062 -326.80892944335937
-200.9788818359375 -214.68624877929687 -224.52653503417969 -231.35623168945312 -231.35623168945312 -235.7847900390625 -238.20022583007812 -238.8087158203125 -237.65873718261719 -234.6407470703125 -234.6407470703125 -229.45643615722656 -221.54635620117187 -209.95358276367187 -193.06813049316406 -168.10411071777344 -168.10411071777344 -130.75112915039062 -83.549613952636719 -118.0479736328125 -161.21455383300781 -194.21078491210937 -194.21078491210937 -221.23008728027344 -242.89271545410156 -259.82958984375 -273.01666259765625 -273.01666259765625 -283.38870239257812 -291.67636108398437 -298.40863037109375 -303.96035766601562 -308.59783935546875 -308.59783935546875 -312.51263427734375 -315.84478759765625 -318.69851684570312 -321.15255737304687 -323.26739501953125 -323.26739501953125 -325.0899658203125 -326.65728759765625
-202.78282165527344 -214.54899597167969 -223.10806274414062 -229.02865600585937 -229.02865600585937 -232.7283935546875 -234.47563171386719 -234.39888000488281 -232.4884033203125 -228.57945251464844 -228.57945251464844 -222.30410766601562 -212.99122619628906 -199.48980712890625 -179.91450500488281 -151.34609985351562 -151.34609985351562 -107.9344482421875 -98.786834716796875 -143.01200866699219 -177.98783874511719 -205.99540710449219 -205.99540710449219 -228.69851684570312 -247.147216796875 -262.06060791015625 -274.0899658203125 -274.0899658203125 -283.8302001953125 -291.78140258789062 -298.337890625 -303.80010986328125 -308.39389038085937 -308.39389038085937 -312.28887939453125 -315.61312866210937 -318.46420288085937 -320.91714477539062 -323.03042602539062 -323.03042602539062 -324.84988403320312 -326.411865234375
-203.84086608886719 -214.68380737304687 -222.57928466796875 -227.99821472167969 -227.99821472167969 -231.28352355957031 -232.65151977539062 -232.19464111328125 -229.87684631347656 -225.51260375976562 -225.51260375976562 -218.71479797363281 -208.78602600097656 -194.52070617675781 -173.95100402832031 -144.41583251953125 -144.41583251953125 -104.27542114257812 -110.33908081054687 -150.89131164550781 -183.95486450195312 -210.44573974609375 -210.44573974609375 -231.82914733886719 -249.204833984375 -263.342041015625 -274.85687255859375 -274.85687255859375 -284.27279663085937 -292.0244140625 -298.45895385742187 -303.846435546875 -308.39395141601562 -308.39395141601562 -312.25970458984375 -315.56478881835937 -318.40261840820312 -320.845703125 -322.9508056640625 -322.9508056640625 -324.7628173828125 -326.31741333007812
-204.91360473632812 -214.87501525878906 -222.11117553710937 -227.01315307617187 -227.01315307617187 -229.86067199707031 -230.82368469238281 -229.96113586425781 -227.21255493164062 -222.37551879882812 -222.37551879882812 -215.0543212890625 -204.54795837402344 -189.62014770507812 -168.13084411621094 -136.95323181152344 -136.95323181152344 -92.143898010253906 -112.33377838134766 -156.58868408203125 -189.02189636230469 -214.40512084960937 -214.40512084960937 -234.73576354980469 -251.22816467285156 -264.6934814453125 -275.7340087890625 -275.7340087890625 -284.83050537109375 -292.3721923828125 -298.66983032226562 -303.96774291992187 -308.4559326171875 -308.4559326171875 -312.28155517578125 -315.55868530273437 -318.37619018554687 -320.80368041992187 -322.89605712890625 -322.89605712890625 -324.69696044921875 -326.24118041992187
-206.92579650878906 -215.25930786132812 -221.216796875 -225.06454467773437 -225.06454467773437 -226.98184204101562 -227.06040954589844 -225.297607421875 -221.58351135253906 -215.68110656738281 -215.68110656738281 -207.19265747070312 -195.47944641113281 -179.41940307617187 -156.67294311523437 -121.99175262451172 -121.99175262451172 -79.965019226074219 -128.45751953125 -168.31361389160156 -198.46577453613281 -221.76158142089844 -221.76158142089844 -240.2755126953125 -255.27232360839844 -267.57168579101562 -277.74630737304687 -277.74630737304687 -286.22189331054687 -293.32736206054687 -299.32110595703125 -304.40695190429687 -308.74569702148437 -308.74569702148437 -312.46429443359375 -315.66299438476562 -318.42129516601562 -320.80245971679687 -322.85702514648437 -322.85702514648437 -324.6256103515625 -326.14089965820312
-207.80088806152344 -215.39031982421875 -220.73446655273437 -224.05070495605469 -224.05070495605469 -225.47802734375 -225.07441711425781 -222.80696105957031 -218.53564453125 -211.9937744140625 -211.9937744140625 -202.76856994628906 -190.26222229003906 -173.52458190917969 -150.51138305664062 -115.31932830810547 -115.31932830810547 -93.537353515625 -139.11505126953125 -175.17025756835937 -203.34599304199219 -225.42059326171875 -225.42059326171875 -243.03359985351562 -257.3316650390625 -269.09127807617187 -278.85696411132812 -278.85696411132812 -287.02877807617187 -293.91168212890625 -299.743408203125 -304.71124267578125 -308.96347045898437 -308.96347045898437 -312.6177978515625 -315.76797485351562 -318.48880004882812 -320.84017944335937 -322.870361328125 -322.870361328125 -324.61822509765625 -326.1153564453125
-208.56037902832031 -215.45106506347656 -220.19937133789062 -222.98135375976563 -222.98135375976563 -223.90068054199219 -222.98393249511719 -220.16694641113281 -215.27206420898437 -207.98333740234375 -207.98333740234375 -197.83811950683594 -184.23881530761719 -166.4100341796875 -142.87673950195312 -107.73417663574219 -107.73417663574219 -105.39324188232422 -148.86216735839844 -182.03352355957031 -208.30989074707031 -229.12136840820313 -229.12136840820313 -245.82052612304687 -259.42742919921875 -270.6591796875 -280.02426147460937 -280.02426147460937 -287.89517211914062 -294.55389404296875 -300.21926879882812 -305.0634765625 -309.2232666015625 -309.2232666015625 -312.80780029296875 -315.90438842773437 -318.58331298828125 -320.90118408203125 -322.90380859375 -322.90380859375 -324.62835693359375 -326.1051025390625
-209.69606018066406 -215.30845642089844 -218.90693664550781 -220.60232543945312 -220.60232543945312 -220.43736267089844 -218.37968444824219 -214.29850769042969 -207.91360473632812 -198.71565246582031 -198.71565246582031 -185.9200439453125 -168.610595703125 -145.79347229003906 -117.38207244873047 -81.284049987792969 -81.284049987792969 -122.93858337402344 -165.09370422363281 -195.19099426269531 -218.27925109863281 -236.61744689941406 -236.61744689941406 -251.4808349609375 -263.71548461914062 -273.91146850585937 -282.49179077148437 -282.49179077148437 -289.76824951171875 -295.97720336914062 -301.30209350585937 -305.8878173828125 -309.85012817382812 -309.85012817382812 -313.2823486328125 -316.25997924804687 -318.844482421875 -321.08596801757812 -323.02545166015625 -323.02545166015625 -324.69650268554688 -326.12664794921875
-210.07017517089844 -215.09007263183594 -218.12590026855469 -219.26072692871094 -219.26072692871094 -218.50837707519531 -215.80702209472656 -210.991943359375 -203.72425842285156 -193.34442138671875 -193.34442138671875 -178.70602416992187 -158.43986511230469 -131.35612487792969 -95.694084167480469 -90.068405151367188 -90.068405151367188 -135.42379760742187 -173.92558288574219 -201.85111999511719 -223.28506469726562 -240.38229370117187 -240.38229370117187 -254.33085632324219 -265.887939453125 -275.57635498046875 -283.77273559570312 -283.77273559570312 -290.75686645507812 -296.74227905273437 -301.8955078125 -306.3487548828125 -310.20816040039062 -310.20816040039062 -313.55972290039062 -316.47341918945312 -319.00656127929687 -321.20611572265625 -323.1107177734375 -323.1107177734375 -324.75213623046875 -326.15655517578125
-210.45726013183594 -214.34674072265625 -216.25529479980469 -216.2081298828125 -216.2081298828125 -214.15205383300781 -209.95399475097656 -203.38066101074219 -194.00968933105469 -180.90696716308594 -180.90696716308594 -161.69779968261719 -131.14102172851562 -88.451530456542969 -108.39984893798828 -138.95005798339844 -138.95005798339844 -167.47286987304688 -193.70707702636719 -215.49363708496094 -233.22601318359375 -247.81239318847656 -247.81239318847656 -259.97055053710937 -270.21603393554687 -278.9249267578125 -286.3792724609375 -286.3792724609375 -292.79541015625 -298.34255981445312 -303.15542602539062 -307.34262084960937 -310.99252319335938 -310.99252319335938 -314.17767333984375 -316.95785522460937 -319.38253784179687 -321.4927978515625 -323.32266235351562 -323.32266235351562 -324.900390625 -326.24942016601562
-210.48631286621094 -213.82322692871094 -215.15728759765625 -214.47843933105469 -214.47843933105469 -211.68827819824219 -206.60093688964844 -198.93487548828125 -188.25270080566406 -173.63063049316406 -173.63063049316406 -152.22825622558594 -115.73300170898437 -88.825119018554688 -129.72438049316406 -156.96672058105469 -156.96672058105469 -181.05317687988281 -203.052001953125 -222.04226684570312 -238.00119018554687 -251.39573669433594 -251.39573669433594 -262.71038818359375 -272.33807373046875 -280.58395385742187 -287.6854248046875 -287.6854248046875 -293.82931518554687 -299.16439819335938 -303.81076049804687 -307.8662109375 -311.41110229492187 -311.41110229492187 -314.5118408203125 -317.22357177734375 -319.59213256835937 -321.65576171875 -323.44638061523437 -323.44638061523437 -324.99050903320312 -326.31033325195312
-210.41612243652344 -213.20135498046875 -213.94895935058594 -212.6065673828125 -212.6065673828125 -209.01765441894531 -202.92024230957031 -193.95013427734375 -181.63525390625 -165.19624328613281 -165.19624328613281 -141.91433715820312 -98.397712707519531 -114.25225830078125 -146.72346496582031 -171.30232238769531 -171.30232238769531 -192.39091491699219 -211.40440368652344 -228.13417053222656 -242.53060913085937 -254.83473205566406 -254.83473205566406 -265.36422729492187 -274.41073608398437 -282.21734619140625 -288.98153686523437 -288.98153686523437 -294.86322021484375 -299.99258422851563 -304.47616577148437 -308.40185546875 -311.842529296875 -311.842529296875 -314.85888671875 -317.50164794921875 -319.81332397460937 -321.82949829101563 -323.5799560546875 -323.5799560546875 -325.08966064453125 -326.37945556640625
-210.00044250488281 -211.67341613769531 -211.20872497558594 -208.44546508789062 -208.44546508789062 -203.0633544921875 -194.54449462890625 -182.13919067382812 -164.90643310546875 -141.84921264648437 -141.84921264648437 -111.86224365234375 -88.497718811035156 -142.16714477539062 -170.99113464355469 -192.0899658203125 -192.0899658203125 -209.64822387695312 -225.04039001464844 -238.66508483886719 -250.66110229492187 -261.16510009765625 -261.16510009765625 -270.34109497070312 -278.35736083984375 -285.369384765625 -291.51348876953125 -291.51348876953125 -296.90646362304687 -301.64727783203125 -305.8197021484375 -309.49435424804687 -312.73110961914062 -312.73110961914062 -315.58059692382812 -318.08572387695312 -320.28277587890625 -322.20257568359375 -323.87106323242187 -323.87106323242187 -325.31015014648437 -326.53817749023437
-209.66111755371094 -210.77217102050781 -209.68440246582031 -206.17315673828125 -206.17315673828125 -199.81570434570312 -189.91401672363281 -175.38633728027344 -154.70657348632812 -126.23145294189453 -126.23145294189453 -87.195411682128906 -110.72926330566406 -152.63621520996094 -179.77752685546875 -199.82334899902344 -199.82334899902344 -216.29118347167969 -230.55464172363281 -243.132080078125 -254.24186706542969 -264.03189086914063 -264.03189086914063 -272.643310546875 -280.21435546875 -286.87399291992187 -292.73748779296875 -292.73748779296875 -297.90554809570312 -302.4649658203125 -306.49014282226562 -310.04458618164062 -313.18255615234375 -313.18255615234375 -315.95037841796875 -318.38742065429687 -320.52737426757812 -322.39874267578125 -324.02581787109375 -324.02581787109375 -325.4290771484375 -326.62570190429687
-209.23478698730469 -209.78106689453125 -208.06280517578125 -203.78912353515625 -203.78912353515625 -196.42933654785156 -185.08949279785156 -168.30015563964844 -143.77308654785156 -108.25601959228516 -108.25601959228516 -89.828804016113281 -128.70753479003906 -162.56852722167969 -187.44981384277344 -206.44035339355469 -206.44035339355469 -222.01278686523437 -235.39303588867187 -247.13945007324219 -257.52069091796875 -266.70208740234375 -266.70208740234375 -274.81747436523437 -281.98812866210937 -288.32504272460937 -293.92779541015625 -293.92779541015625 -298.88433837890625 -303.27139282226562 -307.15536499023437 -310.59359741210937 -313.6353759765625 -313.6353759765625 -316.32305908203125 -318.69296264648437 -320.77621459960937 -322.599365234375 -324.18496704101562 -324.18496704101562 -325.55224609375 -326.71728515625
