milles.asc
ncols        59
nrows        36
xllcorner    3.034291807571
yllcorner    42.430725238621
cellsize     0.014811084535
NODATA_value  -9999
[rows 18 to 35 of 36, columns 0 to 40 of 59]
-9999 3.4336006641387939453 3.2035341262817382813 3.0364205837249755859 3.0006363391876220703 3.0006363391876220703 3.2851140499114990234 5.0792608261108398438 5.9680113792419433594 5.9680113792419433594 6.0376296043395996094 7.1211113929748535156 8.7426595687866210938 8.9950513839721679688 8.9950513839721679688 9.0924825668334960938 10.467940330505371094 11.8917388916015625 11.8917388916015625 11.987589836120605469 11.801495552062988281 11.559177398681640625 11.522596359252929688 11.522596359252929688 12.006831169128417969 13.314397811889648438 15.347281455993652344 17.385959625244140625 17.385959625244140625 18.733240127563476563 19.306623458862304688 19.473890304565429688 19.473890304565429688 19.748022079467773438 19.822835922241210938 19.586132049560546875 19.257495880126953125 19.257495880126953125 19.36096954345703125 20.138051986694335938 21.5155487060546875
-9999 3.3978376388549804688 3.1486914157867431641 3.0090672969818115234 3.0015769004821777344 3.0015769004821777344 3.3335840702056884766 5.3874773979187011719 5.9987969398498535156 5.9987969398498535156 6.02579498291015625 7.3410177230834960938 8.9429874420166015625 8.9999132156372070313 8.9999132156372070313 9.0520677566528320313 10.680999755859375 11.990434646606445313 11.990434646606445313 11.973745346069335938 11.808432579040527344 11.531542778015136719 11.321374893188476563 11.321374893188476563 11.557283401489257813 12.383645057678222656 13.767210006713867188 15.414353370666503906 15.414353370666503906 16.91124725341796875 18.177061080932617188 19.482042312622070313 19.482042312622070313 19.988611221313476563 19.998708724975585938 19.840366363525390625 19.287801742553710938 19.287801742553710938 18.999614715576171875 19.348672866821289063 20.274686813354492188
-9999 3.3852052688598632813 3.1666882038116455078 3.0243637561798095703 3.0018360614776611328 3.0018360614776611328 3.3955841064453125 5.3243060111999511719 5.9969258308410644531 5.9969258308410644531 6.0289926528930664063 7.2267789840698242188 8.8595304489135742188 8.9883623123168945313 8.9883623123168945313 9.0331478118896484375 10.470745086669921875 11.953857421875 11.953857421875 11.957002639770507813 11.975607872009277344 11.649142265319824219 11.249362945556640625 11.249362945556640625 11.351307868957519531 11.975783348083496094 13.076897621154785156 14.498994827270507813 14.498994827270507813 16.011972427368164063 17.623041152954101563 19.30501556396484375 19.30501556396484375 19.955078125 19.983026504516601563 19.767309188842773438 19.184564590454101563 19.184564590454101563 18.874139785766601563 19.08542633056640625 19.786407470703125
-9999 3.3726096153259277344 3.1570978164672851563 3.0168848037719726563 3.0022513866424560547 3.0022513866424560547 3.3378882408142089844 5.2955522537231445313 5.9982609748840332031 5.9982609748840332031 6.0014548301696777344 6.7779440879821777344 8.8190135955810546875 8.9998540878295898438 8.9998540878295898438 8.9447154998779296875 9.354534149169921875 10.59930419921875 10.59930419921875 11.709998130798339844 11.884973526000976563 11.461220741271972656 11.086791038513183594 11.086791038513183594 11.129487991333007813 11.400750160217285156 12.016716957092285156 13.016551971435546875 13.016551971435546875 14.363902091979980469 16.061147689819335938 17.878984451293945313 17.878984451293945313 19.03577423095703125 19.314876556396484375 19.165775299072265625 19.021709442138671875 19.021709442138671875 18.954549789428710938 18.961912155151367188 19.198474884033203125
-9999 3.3319497108459472656 3.1473476886749267578 3.0281817913055419922 3.0003302097320556641 3.0003302097320556641 3.2272191047668457031 4.8784542083740234375 5.9534120559692382813 5.9534120559692382813 5.9841814041137695313 6.1403355598449707031 7.5360293388366699219 8.5581159591674804688 8.5581159591674804688 8.7186765670776367188 8.9949703216552734375 9.0345315933227539063 9.0345315933227539063 9.7454710006713867188 10.466235160827636719 11.089898109436035156 11.675798416137695313 11.675798416137695313 11.658759117126464844 11.398604393005371094 11.472576141357421875 12.065443038940429688 12.065443038940429688 13.121232032775878906 14.636592864990234375 16.422716140747070313 16.422716140747070313 17.998264312744140625 19.038080215454101563 19.534542083740234375 19.65099334716796875 19.65099334716796875 19.551366806030273438 19.336507797241210938 19.177114486694335938
-9999 3.3039650917053222656 3.1327605247497558594 3.0277974605560302734 3.0000143051147460938 3.0000143051147460938 3.1417849063873291016 4.7318620681762695313 5.9795408248901367188 5.9795408248901367188 5.9941248893737792969 5.9964513778686523438 6.4800004959106445313 7.5662531852722167969 7.5662531852722167969 8.5983247756958007813 8.9995965957641601563 8.9782085418701171875 9.2011365890502929688 9.2011365890502929688 9.9817628860473632813 11.404309272766113281 11.960763931274414063 11.960763931274414063 11.906826972961425781 11.522430419921875 11.365762710571289063 11.782393455505371094 11.782393455505371094 12.705654144287109375 14.213953018188476563 16.239131927490234375 16.239131927490234375 18.214397430419921875 19.422130584716796875 19.834545135498046875 19.887592315673828125 19.887592315673828125 19.78246307373046875 19.54090118408203125 19.28790283203125
-9999 3.2528619766235351563 3.0941653251647949219 3.0141251087188720703 3.0000045299530029297 3.0000045299530029297 3.0284552574157714844 3.8058552742004394531 5.7280759811401367188 5.7280759811401367188 5.9518060684204101563 5.9996685981750488281 5.9572701454162597656 6.1239724159240722656 6.1239724159240722656 7.0261240005493164063 8.258892059326171875 8.6433582305908203125 8.9393177032470703125 8.9393177032470703125 9.2371730804443359375 11.180250167846679688 11.9724273681640625 11.9724273681640625 11.909041404724121094 11.472870826721191406 11.294898033142089844 11.507159233093261719 11.507159233093261719 12.152100563049316406 13.594623565673828125 16.085521697998046875 16.085521697998046875 18.627498626708984375 19.794145584106445313 19.9949951171875 19.998760223388671875 19.998760223388671875 19.954645156860351563 19.767927169799804688 19.550048828125
-9999 3.2445840835571289063 3.0934722423553466797 3.0154516696929931641 3.0000703334808349609 3.0000703334808349609 3.007251739501953125 3.0832359790802001953 3.4449667930603027344 3.4449667930603027344 4.3665957450866699219 5.2261114120483398438 5.9409837722778320313 5.9983978271484375 5.9983978271484375 6.1074900627136230469 6.9309048652648925781 8.6702947616577148438 8.999835968017578125 8.999835968017578125 8.9999589920043945313 9.7040128707885742188 10.818266868591308594 10.818266868591308594 11.296322822570800781 11.485668182373046875 11.517975807189941406 11.544369697570800781 11.544369697570800781 11.826633453369140625 12.849152565002441406 15.205075263977050781 15.205075263977050781 18.128246307373046875 19.64693450927734375 19.970956802368164063 19.998079299926757813 19.998079299926757813 19.948392868041992188 19.8613433837890625 19.879350662231445313
-9999 3.2614424228668212891 3.1101145744323730469 3.0216138362884521484 3.0003573894500732422 3.0003573894500732422 3.0000612735748291016 3.0068745613098144531 3.05218505859375 3.05218505859375 3.3903284072875976563 4.3027682304382324219 5.6272940635681152344 5.93282318115234375 5.93282318115234375 6.0094347000122070313 6.4192962646484375 8.21671295166015625 8.9340152740478515625 8.9340152740478515625 8.959674835205078125 9.5216836929321289063 10.659222602844238281 10.659222602844238281 11.506481170654296875 11.7434539794921875 11.70793914794921875 11.634386062622070313 11.634386062622070313 11.7462310791015625 12.467729568481445313 14.451642036437988281 14.451642036437988281 17.380918502807617188 19.287899017333984375 19.861141204833984375 19.9465179443359375 19.9465179443359375 19.882951736450195313 19.9474639892578125 19.977304458618164063
-9999 3.3374853134155273438 3.1999230384826660156 3.0831344127655029297 3.0323762893676757813 3.0323762893676757813 3.0165505409240722656 3.0055162906646728516 3.0010519027709960938 3.0010519027709960938 3.0117669105529785156 3.1732168197631835938 4.1544046401977539063 5.7220864295959472656 5.7220864295959472656 5.9984760284423828125 6.1267347335815429688 7.1375374794006347656 8.4541025161743164063 8.4541025161743164063 8.94841766357421875 9.2077350616455078125 10.751908302307128906 10.751908302307128906 11.9375 11.996008872985839844 11.930639266967773438 11.796794891357421875 11.796794891357421875 11.711602210998535156 11.928063392639160156 12.922792434692382813 12.922792434692382813 15.047125816345214844 17.395000457763671875 18.766626358032226563 19.32288360595703125 19.32288360595703125 19.758295059204101563 19.990064620971679688 19.9998931884765625
-9999 3.411151885986328125 3.3481860160827636719 3.2413969039916992188 3.1647136211395263672 3.1647136211395263672 3.1244647502899169922 3.1018238067626953125 3.0953404903411865234 3.0953404903411865234 3.0386483669281005859 3.0002546310424804688 3.3604867458343505859 4.9576101303100585938 4.9576101303100585938 5.9481291770935058594 6.0054364204406738281 6.567394256591796875 8.5352869033813476563 8.5352869033813476563 8.9992113113403320313 9.0161466598510742188 9.9182109832763671875 9.9182109832763671875 11.850358009338378906 11.999985694885253906 11.976293563842773438 11.874692916870117188 11.874692916870117188 11.750461578369140625 11.717864036560058594 12.014567375183105469 12.378911018371582031 13.887793540954589844 15.991804122924804688 17.68564605712890625 18.74868011474609375 18.74868011474609375 19.59146881103515625 19.951570510864257813 19.986745834350585938
-9999 3.3839063644409179688 3.3888568878173828125 3.3309628963470458984 3.2664401531219482422 3.2664401531219482422 3.2241919040679931641 3.2026987075805664063 3.1809971332550048828 3.1809971332550048828 3.0769867897033691406 3.0079839229583740234 3.1685028076171875 4.7807416915893554688 4.7807416915893554688 5.9556245803833007813 6.0015974044799804688 6.2891097068786621094 8.294368743896484375 8.294368743896484375 8.9950895309448242188 9.001621246337890625 9.4445066452026367188 9.4445066452026367188 11.594975471496582031 11.99321746826171875 11.989106178283691406 11.903558731079101563 11.903558731079101563 11.788607597351074219 11.695352554321289063 11.792635917663574219 11.792635917663574219 12.354681015014648438 13.531976699829101563 15.149015426635742188 16.890468597412109375 16.890468597412109375 18.431171417236328125 19.301507949829101563 19.534196853637695313
-9999 3.1506319046020507813 3.2355597019195556641 3.3276603221893310547 3.3919379711151123047 3.3919379711151123047 3.4134335517883300781 3.3877251148223876953 3.2732281684875488281 3.2732281684875488281 3.0836997032165527344 3.0025513172149658203 3.0530154705047607422 4.2079119682312011719 4.2079119682312011719 5.8852124214172363281 5.9999890327453613281 6.0247206687927246094 7.1706328392028808594 7.1706328392028808594 8.8996105194091796875 8.9999971389770507813 9.07213592529296875 9.07213592529296875 10.588764190673828125 11.902140617370605469 11.999133110046386719 11.980092048645019531 11.980092048645019531 11.902838706970214844 11.726915359497070313 11.608312606811523438 11.608312606811523438 11.7163543701171875 12.146961212158203125 13.035755157470703125 14.39215087890625 14.39215087890625 15.924419403076171875 17.129154205322265625 17.736164093017578125
-9999 3.0038940906524658203 3.0354421138763427734 3.0923213958740234375 3.2407042980194091797 3.2407042980194091797 3.3962192535400390625 3.4433879852294921875 3.3238019943237304688 3.3238019943237304688 3.1328330039978027344 3.0201666355133056641 3.0004668235778808594 3.2722539901733398438 3.2722539901733398438 5.3454337120056152344 5.9870400428771972656 6.000888824462890625 6.4028491973876953125 6.4028491973876953125 8.410923004150390625 8.9836025238037109375 9.0024394989013671875 9.02539825439453125 10.065096855163574219 11.771384239196777344 11.999911308288574219 11.998320579528808594 11.998320579528808594 11.940535545349121094 11.733503341674804688 11.601552963256835938 11.630376815795898438 11.630376815795898438 11.81702423095703125 12.347082138061523438 13.333345413208007813 13.333345413208007813 14.605021476745605469 15.772098541259765625 16.561254501342773438
-9999 3.0000722408294677734 3.0075631141662597656 3.0186471939086914063 3.1490654945373535156 3.1490654945373535156 3.3192358016967773438 3.4253919124603271484 3.3482325077056884766 3.3482325077056884766 3.1634438037872314453 3.0334682464599609375 3.0000085830688476563 3.0851953029632568359 3.0851953029632568359 4.6607022285461425781 5.9379858970642089844 6.0000047683715820313 6.2165384292602539063 6.2165384292602539063 7.9430594444274902344 8.9159832000732421875 8.999362945556640625 8.999362945556640625 9.2338533401489257813 10.596414566040039063 11.730809211730957031 11.925823211669921875 11.925823211669921875 11.809221267700195313 11.710027694702148438 11.870330810546875 11.840477943420410156 11.840477943420410156 11.699138641357421875 11.675597190856933594 12.012816429138183594 12.012816429138183594 12.719353675842285156 13.664470672607421875 14.799348831176757813
-9999 3.4151120185852050781 3.0468878746032714844 3.0127711296081542969 3.0427899360656738281 3.0427899360656738281 3.1451308727264404297 3.3217654228210449219 3.383358001708984375 3.383358001708984375 3.2432775497436523438 3.0844736099243164063 3.0092074871063232422 3.0111248493194580078 3.0111248493194580078 3.6062738895416259766 5.382884979248046875 5.9869379997253417969 6.0872750282287597656 6.0872750282287597656 7.2706403732299804688 8.819988250732421875 8.9998979568481445313 8.9998979568481445313 8.99782562255859375 9.0224008560180664063 9.423755645751953125 10.471105575561523438 10.471105575561523438 11.006418228149414063 11.869791030883789063 11.999997138977050781 11.978364944458007813 11.978364944458007813 11.769387245178222656 11.472599983215332031 11.444628715515136719 11.444628715515136719 11.775463104248046875 12.502140998840332031 13.824804306030273438
-9999 5.270221710205078125 3.3281607627868652344 3.0014133453369140625 3.0030636787414550781 3.0030636787414550781 3.0569365024566650391 3.21758270263671875 3.3817565441131591797 3.3817565441131591797 3.3413972854614257813 3.2029888629913330078 3.0782945156097412109 3.0055022239685058594 3.0000331401824951172 3.3245828151702880859 4.9388232231140136719 5.9054059982299804688 6.027027130126953125 6.027027130126953125 6.7203454971313476563 8.4543447494506835938 8.9612865447998046875 8.9612865447998046875 8.9763593673706054688 9.0000009536743164063 9.077625274658203125 9.6268367767333984375 9.6268367767333984375 10.28687286376953125 11.7191619873046875 11.995168685913085938 11.959958076477050781 11.959958076477050781 11.702919960021972656 11.376026153564453125 11.306792259216308594 11.306792259216308594 11.524822235107421875 12.12786102294921875 13.403607368469238281
-9999 5.7518219947814941406 3.62003326416015625 3.0129559040069580078 3.0010704994201660156 3.0010704994201660156 3.0419700145721435547 3.1913132667541503906 3.3709747791290283203 3.3709747791290283203 3.3546166419982910156 3.2110071182250976563 3.0723197460174560547 3.0025084018707275391 3.0025084018707275391 3.10755157470703125 4.4707231521606445313 5.9249544143676757813 5.9988532066345214844 5.9988532066345214844 6.0305614471435546875 6.2101340293884277344 7.0652647018432617188 7.0652647018432617188 8.2031002044677734375 8.7838420867919921875 8.8295965194702148438 8.9952478408813476563 8.9952478408813476563 9.0246782302856445313 9.658985137939453125 11.100305557250976563 11.355070114135742188 11.355070114135742188 11.296381950378417969 11.411034584045410156 11.433336257934570313 11.433336257934570313 11.401719093322753906 11.647576332092285156 12.554862022399902344
