milles.asc
ncols        59
nrows        36
xllcorner    3.034291807571
yllcorner    42.430725238621
cellsize     0.014811084535
NODATA_value  -9999
[rows 0 to 17 of 36, columns 0 to 40 of 59]
-9999.0 3.4257044792175292969 3.1951220035552978516 3.0333447456359863281 3.0000586509704589844 3.0000586509704589844 3.0259809494018554688 3.5563070774078369141 5.6428551673889160156 5.6428551673889160156 5.9998087882995605469 5.9971556663513183594 6.6347136497497558594 8.79468536376953125 8.79468536376953125 8.9951229095458984375 9.051464080810546875 10.741924285888671875 10.741924285888671875 11.99034881591796875 11.956462860107421875 11.662917137145996094 11.412921905517578125 11.412921905517578125 11.4691162109375 12.143975257873535156 13.888222694396972656 13.888222694396972656 16.448665618896484375 18.651739120483398438 19.706335067749023438 19.975782394409179688 19.975782394409179688 19.99976348876953125 19.999240875244140625 19.977003097534179688 19.977003097534179688 19.934846878051757813 19.901037216186523438 19.940359115600585938 20.254446029663085938
-9999 3.4695158004760742188 3.2410197257995605469 3.0621817111968994141 3.0035572052001953125 3.0035572052001953125 3.0250554084777832031 3.4986114501953125 5.5000467300415039063 5.5000467300415039063 5.9988026618957519531 6.0017361640930175781 6.6340842247009277344 8.5195436477661132813 8.5195436477661132813 8.9384479522705078125 9.0476589202880859375 10.714656829833984375 10.714656829833984375 11.935545921325683594 11.969663619995117188 11.704546928405761719 11.368510246276855469 11.368510246276855469 11.476708412170410156 12.357117652893066406 14.234021186828613281 14.234021186828613281 16.770008087158203125 18.852813720703125 19.784534454345703125 19.97316741943359375 19.97316741943359375 19.99442291259765625 19.98248291015625 19.930538177490234375 19.930538177490234375 19.860860824584960938 19.864866256713867188 20.103433609008789063 20.881521224975585938
-9999 3.5515258312225341797 3.3634378910064697266 3.1702067852020263672 3.0355420112609863281 3.0355420112609863281 3.0010075569152832031 3.3094549179077148438 5.0910463333129882813 5.0910463333129882813 5.988475799560546875 6.0044350624084472656 6.6784138679504394531 8.5862369537353515625 8.5862369537353515625 8.99600982666015625 9.0120782852172851563 10.147618293762207031 10.147618293762207031 11.81388092041015625 11.932797431945800781 11.615313529968261719 11.30455780029296875 11.30455780029296875 11.524350166320800781 12.481480598449707031 14.276403427124023438 14.276403427124023438 16.605630874633789063 18.687419891357421875 19.81937408447265625 19.997083663940429688 19.997083663940429688 19.940822601318359375 19.852447509765625 19.782159805297851563 19.782159805297851563 19.751302719116210938 19.91387939453125 20.529514312744140625 21.93890380859375
-9999 3.5605270862579345703 3.3823812007904052734 3.1546957492828369141 3.0244677066802978516 3.0244677066802978516 3.0006830692291259766 3.2909514904022216797 5.3340206146240234375 5.3340206146240234375 5.9963369369506835938 6.0067834854125976563 6.7783074378967285156 8.7764177322387695313 8.7764177322387695313 8.9656915664672851563 9.0145463943481445313 9.8109874725341796875 9.8109874725341796875 11.265546798706054688 11.613307952880859375 11.429856300354003906 11.2861328125 11.2861328125 11.573131561279296875 12.546390533447265625 14.288114547729492188 14.288114547729492188 16.468637466430664063 18.406879425048828125 19.57334136962890625 19.895303726196289063 19.895303726196289063 19.82453155517578125 19.715869903564453125 19.66049957275390625 19.66049957275390625 19.695470809936523438 19.997186660766601563 20.853521347045898438 22.5648040771484375
-9999 3.5503849983215332031 3.3712515830993652344 3.1303741931915283203 3.0124568939208984375 3.0124568939208984375 3.0002474784851074219 3.2862775325775146484 5.4843869209289550781 5.4843869209289550781 5.9974131584167480469 6.01371002197265625 6.9133276939392089844 8.8368921279907226563 8.8368921279907226563 8.9999408721923828125 9.0392169952392578125 10.168902397155761719 10.168902397155761719 11.890230178833007813 11.963950157165527344 11.650130271911621094 11.45023345947265625 11.45023345947265625 11.741626739501953125 12.77625274658203125 14.578355789184570313 14.578355789184570313 16.689569473266601563 18.421421051025390625 19.402448654174804688 19.713495254516601563 19.713495254516601563 19.66066741943359375 19.516866683959960938 19.47956085205078125 19.47956085205078125 19.6753997802734375 20.30230712890625 21.62902069091796875 23.765871047973632813
-9999 3.5296540260314941406 3.3852710723876953125 3.1479337215423583984 3.0100119113922119141 3.0100119113922119141 3.0072202682495117188 3.5744187831878662109 5.6670522689819335938 5.6670522689819335938 5.9998736381530761719 6.0504779815673828125 7.5280561447143554688 8.9569940567016601563 8.9569940567016601563 8.99993896484375 9.1343593597412109375 11.020595550537109375 11.020595550537109375 11.960636138916015625 11.967733383178710938 11.792374610900878906 11.632330894470214844 11.632330894470214844 11.955512046813964844 13.180450439453125 15.301692962646484375 15.301692962646484375 17.58011627197265625 19.191593170166015625 19.910974502563476563 19.999713897705078125 19.999713897705078125 19.944915771484375 19.702409744262695313 19.55945587158203125 19.55945587158203125 19.814771652221679688 20.699802398681640625 22.386287689208984375 24.7162628173828125
-9999 3.4775598049163818359 3.3582723140716552734 3.1826756000518798828 3.0538721084594726563 3.0538721084594726563 3.0412037372589111328 3.8411269187927246094 5.6248850822448730469 5.6248850822448730469 5.9996232986450195313 6.1600894927978515625 7.8833980560302734375 8.9706697463989257813 8.9706697463989257813 8.9998722076416015625 9.2396497726440429688 11.391269683837890625 11.391269683837890625 11.998286247253417969 11.983698844909667969 11.821724891662597656 11.686795234680175781 11.686795234680175781 12.067371368408203125 13.43753814697265625 15.751687049865722656 15.751687049865722656 18.0377655029296875 19.411823272705078125 19.94058990478515625 19.999982833862304688 19.999982833862304688 19.956071853637695313 19.7558746337890625 19.629186630249023438 19.629186630249023438 19.908342361450195313 20.895223617553710938 22.729799270629882813 25.113195419311523438
-9999 3.4354047775268554688 3.2925693988800048828 3.1127507686614990234 3.0040841102600097656 3.0040841102600097656 3.0776531696319580078 4.4035787582397460938 5.7876744270324707031 5.7876744270324707031 6.0147776603698730469 6.5507106781005859375 8.2642526626586914063 8.9721889495849609375 8.9721889495849609375 9.015228271484375 9.7850980758666992188 11.689274787902832031 11.689274787902832031 11.993694305419921875 11.924961090087890625 11.780780792236328125 11.750597953796386719 11.750597953796386719 12.304259300231933594 14.005541801452636719 16.635362625122070313 16.635362625122070313 18.790729522705078125 19.754364013671875 19.979158401489257813 19.992649078369140625 19.992649078369140625 19.94141387939453125 19.812700271606445313 19.743345260620117188 19.743345260620117188 20.086477279663085938 21.268907546997070313 23.397626876831054688 25.8859710693359375
-9999 3.3588902950286865234 3.1806566715240478516 3.0374114513397216797 3.0000286102294921875 3.0000286102294921875 3.1023557186126708984 4.8466515541076660156 5.9776911735534667969 5.9776911735534667969 6.0006351470947265625 6.3858919143676757813 8.5741558074951171875 8.9990787506103515625 8.9990787506103515625 9.0159692764282226563 10.080671310424804688 11.866036415100097656 11.866036415100097656 11.995941162109375 11.921993255615234375 11.780386924743652344 11.818804740905761719 11.818804740905761719 12.539346694946289063 14.546415328979492188 17.309148788452148438 17.309148788452148438 19.184392929077148438 19.870082855224609375 19.9960784912109375 19.99813079833984375 19.99813079833984375 19.956624984741210938 19.846628189086914063 19.815082550048828125 19.815082550048828125 20.2392578125 21.637838363647460938 24.094572067260742188 26.719087600708007813
-9999 3.337177276611328125 3.1555221080780029297 3.0283582210540771484 3.0000021457672119141 3.0000021457672119141 3.1187224388122558594 5.006824493408203125 5.9853148460388183594 5.9853148460388183594 6.0011887550354003906 6.4110608100891113281 8.6390199661254882813 8.9994134902954101563 8.9994134902954101563 9.0210809707641601563 10.229222297668457031 11.926166534423828125 11.926166534423828125 11.999614715576171875 11.935311317443847656 11.798977851867675781 11.853604316711425781 11.853604316711425781 12.644948959350585938 14.78343963623046875 17.568586349487304688 17.568586349487304688 19.3061065673828125 19.88887786865234375 19.99811553955078125 19.993988037109375 19.993988037109375 19.942132949829101563 19.844270706176757813 19.8363494873046875 19.8363494873046875 20.3052825927734375 21.814291000366210938 24.43251800537109375 27.114770889282226563
-9999 3.331146240234375 3.1516299247741699219 3.0248732566833496094 3.0000507831573486328 3.0000507831573486328 3.1928668022155761719 5.24849700927734375 5.9948229789733886719 5.9948229789733886719 6.0024733543395996094 6.4921164512634277344 8.6947307586669921875 8.9999752044677734375 8.9999752044677734375 9.0484867095947265625 10.572473526000976563 11.9592437744140625 11.9592437744140625 11.998152732849121094 11.930624961853027344 11.808609962463378906 11.906241416931152344 11.906241416931152344 12.826960563659667969 15.164874076843261719 17.958675384521484375 17.958675384521484375 19.51132965087890625 19.947574615478515625 19.999761581420898438 19.993406295776367188 19.993406295776367188 19.937213897705078125 19.841283798217773438 19.859479904174804688 19.859479904174804688 20.402399063110351563 22.093536376953125 24.958795547485351563 27.691608428955078125
-9999 3.3477807044982910156 3.1698994636535644531 3.0367136001586914063 3.0029737949371337891 3.0029737949371337891 3.3024399280548095703 5.2209515571594238281 5.9811072349548339844 5.9811072349548339844 6.0154743194580078125 6.704376220703125 8.6375150680541992188 8.9939165115356445313 8.9939165115356445313 9.116077423095703125 10.707291603088378906 11.946756362915039063 11.946756362915039063 11.995273590087890625 11.897429466247558594 11.783289909362792969 11.936842918395996094 11.936842918395996094 12.961100578308105469 15.376926422119140625 18.094808578491210938 18.094808578491210938 19.545431137084960938 19.952131271362304688 19.99990081787109375 19.991207122802734375 19.991207122802734375 19.927289962768554688 19.825132369995117188 19.850894927978515625 19.850894927978515625 20.424652099609375 22.166339874267578125 25.09429931640625 27.83191680908203125
-9999 3.3524773120880126953 3.1611223220825195313 3.0247886180877685547 3.0002381801605224609 3.0002381801605224609 3.2613623142242431641 5.2648754119873046875 5.9961133003234863281 5.9961133003234863281 6.0077404975891113281 6.8107247352600097656 8.7823247909545898438 8.9999551773071289063 8.9999551773071289063 9.096767425537109375 10.750303268432617188 11.950421333312988281 11.950421333312988281 11.98662567138671875 11.884371757507324219 11.770926475524902344 11.944842338562011719 11.944842338562011719 13.004095077514648438 15.426730155944824219 18.098844528198242188 18.098844528198242188 19.521684646606445313 19.9339141845703125 19.9928741455078125 19.978000640869140625 19.978000640869140625 19.908224105834960938 19.805799484252929688 19.8315887451171875 19.8315887451171875 20.395994186401367188 22.119029998779296875 25.024164199829101563 27.775346755981445313
-9999 3.3685972690582275391 3.1575555801391601563 3.0194559097290039063 3.0002644062042236328 3.0002644062042236328 3.2525694370269775391 5.2963480949401855469 5.9974031448364257813 5.9974031448364257813 6.0113272666931152344 6.9940557479858398438 8.8762111663818359375 9 9 9.0844106674194335938 10.821812629699707031 11.976055145263671875 11.976055145263671875 11.992900848388671875 11.884421348571777344 11.756669044494628906 11.942831039428710938 11.942831039428710938 13.032317161560058594 15.463105201721191406 18.121225357055664063 18.121225357055664063 19.542913436889648438 19.954202651977539063 19.999851226806640625 19.983257293701171875 19.983257293701171875 19.895021438598632813 19.770046234130859375 19.76470184326171875 20.254926681518554688 20.254926681518554688 21.795301437377929688 24.472652435302734375 27.216228485107421875
-9999 3.4067842960357666016 3.1898608207702636719 3.0302720069885253906 3.0007433891296386719 3.0007433891296386719 3.2963140010833740234 5.1771535873413085938 5.9866290092468261719 5.9866290092468261719 6.0368890762329101563 7.1469640731811523438 8.79894256591796875 8.9982233047485351563 8.9982233047485351563 9.1555995941162109375 10.850424766540527344 11.970971107482910156 11.970971107482910156 11.993640899658203125 11.878258705139160156 11.744450569152832031 11.909410476684570313 11.909410476684570313 12.959525108337402344 15.368892669677734375 18.097965240478515625 18.097965240478515625 19.558362960815429688 19.951776504516601563 19.999530792236328125 19.98293304443359375 19.98293304443359375 19.896875381469726563 19.755704879760742188 19.7180633544921875 20.145416259765625 20.145416259765625 21.546234130859375 24.03802490234375 26.733602523803710938
-9999 3.4265074729919433594 3.2030787467956542969 3.0285739898681640625 3.00041961669921875 3.00041961669921875 3.2851564884185791016 5.2254700660705566406 5.9966230392456054688 5.9966230392456054688 6.0179142951965332031 7.2044773101806640625 8.879291534423828125 8.9999723434448242188 8.9999723434448242188 9.1070184707641601563 10.839969635009765625 11.971741676330566406 11.971741676330566406 11.991269111633300781 11.885806083679199219 11.743984222412109375 11.878951072692871094 11.878951072692871094 12.873594284057617188 15.222245216369628906 17.986711502075195313 17.986711502075195313 19.54157257080078125 19.962556838989257813 19.999996185302734375 19.987255096435546875 19.987255096435546875 19.890241622924804688 19.702724456787109375 19.58701324462890625 19.865234375 19.865234375 20.938312530517578125 22.959814071655273438 25.413516998291015625
-9999 3.4523513317108154297 3.2236452102661132813 3.0355093479156494141 3.0000412464141845703 3.0000412464141845703 3.2240214347839355469 5.1718106269836425781 5.9945821762084960938 5.9945821762084960938 6.0126552581787109375 7.1859579086303710938 8.9033327102661132813 8.9999990463256835938 8.9999990463256835938 9.0550823211669921875 10.707861900329589844 11.973454475402832031 11.973454475402832031 11.997086524963378906 11.904828071594238281 11.729744911193847656 11.785205841064453125 11.785205841064453125 12.60161590576171875 14.657720565795898438 17.3674163818359375 17.3674163818359375 19.215806961059570313 19.889226913452148438 19.999933242797851563 19.971273422241210938 19.971273422241210938 19.8023681640625 19.555322647094726563 19.388645172119140625 19.524583816528320313 19.524583816528320313 20.259649276733398438 21.769603729248046875 23.821569442749023438
-9999 3.4493815898895263672 3.2261235713958740234 3.0470061302185058594 3.0000030994415283203 3.0000030994415283203 3.2347588539123535156 5.0767788887023925781 5.9894418716430664063 5.9894418716430664063 6.0093364715576171875 7.0246038436889648438 8.7739114761352539063 8.9999208450317382813 8.9999208450317382813 9.0778665542602539063 10.521442413330078125 11.923191070556640625 11.923191070556640625 11.993199348449707031 11.888482093811035156 11.696277618408203125 11.716114044189453125 11.716114044189453125 12.4237213134765625 14.252949714660644531 16.822612762451171875 18.83707427978515625 18.83707427978515625 19.759065628051757813 19.978330612182617188 19.919496536254882813 19.919496536254882813 19.696340560913085938 19.47043609619140625 19.314800262451171875 19.365514755249023438 19.365514755249023438 19.923595428466796875 21.18636322021484375 23.014043807983398438
